-0.521410 0.078504 0.947646 0.329412 0.254902 0.168627 -0.499580 0.270678 0.822893 0.040852
-0.515690 0.028921 0.947865 0.403922 0.364706 0.321569 -0.241046 -0.399686 0.884391 0.225772
-0.516123 0.089938 0.946281 0.349020 0.321569 0.294118 -0.440665 0.390525 0.808272 0.053694
-0.515610 0.051751 0.955642 0.419608 0.309804 0.219608 -0.301116 0.057601 0.951846 0.070441
-0.515167 0.064411 0.954489 0.419608 0.301961 0.211765 -0.248981 0.215745 0.944173 0.047706
-0.515282 0.015367 0.943174 0.447059 0.431373 0.403922 -0.416724 -0.265020 0.869544 0.043233
-0.515278 0.077260 0.951501 0.376471 0.337255 0.301961 -0.435900 0.186290 0.880504 0.042575
-0.512529 0.036677 0.954155 0.031373 0.384314 0.349020 -0.006667 -0.413984 0.910260 0.234764
-0.513563 0.001554 0.940081 0.411765 0.376471 0.329412 -0.531884 -0.243900 0.810933 0.037289
-0.512035 0.081549 0.951631 0.368627 0.349020 0.321569 -0.401868 0.274651 0.873538 0.029772
-0.510952 0.098077 0.944708 0.356863 0.329412 0.301961 -0.405422 0.440231 0.801143 0.061589
-0.508620 0.092898 0.948417 0.376471 0.349020 0.321569 -0.355822 0.404020 0.842709 0.050626
-0.504077 0.018074 0.947885 0.427451 0.431373 0.411765 -0.352170 -0.363431 0.862493 0.093920
-0.502043 0.102893 0.945530 0.376471 0.356863 0.337255 -0.225283 0.406972 0.885224 0.080478
-0.501242 0.004424 0.945412 0.521569 0.509804 0.494118 -0.176043 -0.255220 0.950722 0.073026
-0.501363 0.035145 0.955202 0.000000 0.341176 0.313725 -0.219096 -0.260147 0.940383 0.033545
-0.501037 0.042266 0.957245 0.015686 0.356863 0.329412 -0.136113 -0.281545 0.949845 0.022023
-0.501299 0.056500 0.958441 0.439216 0.329412 0.231373 -0.198224 0.063899 0.978072 0.007775
-0.501377 0.073099 0.957472 0.427451 0.403922 0.400000 -0.227030 0.155111 0.961456 0.078916
-0.500898 0.084484 0.953911 0.141176 0.137255 0.121569 -0.108955 0.341691 0.933475 0.031605
-0.499211 0.097325 0.948661 0.039216 0.039216 0.007843 -0.202778 0.381211 0.901975 0.029065
-0.498251 0.111909 0.942072 0.364706 0.349020 0.321569 -0.323897 0.454665 0.829681 0.068401
-0.497649 0.015679 0.949286 0.494118 0.486275 0.466667 -0.294441 -0.466742 0.833941 0.113717
-0.493035 0.012194 0.948922 0.513725 0.513725 0.501961 -0.138964 -0.338989 0.930470 0.032468
-0.492255 0.104715 0.946691 0.031373 0.031373 0.015686 -0.248388 0.399951 0.882237 0.047303
-0.487793 0.005924 0.946651 0.537255 0.529412 0.513725 -0.077460 -0.416567 0.905799 0.042198
-0.487904 0.020060 0.953577 0.043137 0.364706 0.341176 -0.122248 -0.341425 0.931925 0.202012
-0.487884 0.031564 0.956549 0.000000 0.341176 0.313725 -0.103903 -0.253081 0.961849 0.044924
-0.487921 0.042968 0.959333 0.000000 0.349020 0.313725 -0.113354 -0.143437 0.983146 0.058884
-0.488147 0.058555 0.960181 0.466667 0.384314 0.337255 -0.176448 0.014915 0.984197 0.064917
-0.488309 0.069702 0.960430 0.447059 0.431373 0.419608 -0.230892 0.057552 0.971276 0.055435
-0.488505 0.086657 0.955345 0.007843 0.019608 0.000000 -0.327027 0.376569 0.866746 0.036654
-0.488578 0.108644 0.946267 0.313725 0.301961 0.274510 -0.319027 0.338516 0.885228 0.054020
-0.487180 0.095677 0.952189 0.027451 0.019608 0.007843 -0.213578 0.369342 0.904418 0.029336
-0.484676 0.010251 0.948869 0.537255 0.537255 0.521569 -0.049882 -0.354741 0.933633 0.078661
-0.484093 0.118921 0.942709 0.384314 0.376471 0.349020 -0.268587 0.521123 0.810119 0.085660
-0.483453 0.106380 0.948807 0.321569 0.321569 0.286275 -0.320768 0.296192 0.899654 0.021391
-0.480396 0.102510 0.951161 0.294118 0.286275 0.247059 -0.296270 0.333990 0.894804 0.014398
-0.477117 0.106634 0.950201 0.400000 0.384314 0.376471 -0.221516 0.407066 0.886131 0.166720
-0.475025 0.065568 0.960303 0.501961 0.431373 0.364706 0.147224 0.021153 0.988877 0.051939
-0.475700 0.121305 0.942428 0.411765 0.400000 0.384314 -0.083667 0.585455 0.806376 0.092637
-0.474391 0.005839 0.945302 0.556863 0.537255 0.521569 0.037727 -0.574761 0.817452 0.084984
-0.474449 0.011145 0.948724 0.549020 0.537255 0.529412 0.016151 -0.426410 0.904386 0.058429
-0.474574 0.018182 0.951753 0.537255 0.537255 0.521569 -0.022878 -0.410121 0.911744 0.044171
-0.474589 0.034006 0.957640 0.000000 0.337255 0.309804 -0.027254 -0.270344 0.962378 0.060321
-0.474546 0.042758 0.960087 0.000000 0.337255 0.309804 -0.014463 -0.233416 0.972269 0.066800
-0.474676 0.057634 0.960690 0.439216 0.309804 0.192157 -0.053842 0.041240 0.997697 0.039198
-0.474580 0.116715 0.945624 0.419608 0.411765 0.392157 -0.030744 0.469230 0.882541 0.149514
-0.474143 0.079510 0.972866 0.494118 0.156863 0.000000 -0.255033 -0.393013 0.883458 0.392999
-0.471914 0.088925 0.975186 0.431373 0.419608 0.403922 -0.140103 0.143885 0.979627 0.302831
-0.472145 0.096649 0.971788 0.403922 0.392157 0.376471 -0.226818 0.549878 0.803858 0.239364
-0.469712 0.092396 0.974366 0.427451 0.419608 0.403922 -0.076938 0.325021 0.942572 0.206557
-0.466271 0.093163 0.974091 0.466667 0.466667 0.454902 0.083098 0.325786 0.941784 0.241793
-0.464948 0.085148 0.974800 0.556863 0.521569 0.486275 0.203273 -0.129653 0.970500 0.235102
-0.462922 0.094433 0.972601 0.501961 0.486275 0.474510 0.238420 0.384841 0.891657 0.262612
-0.462931 0.002244 0.944783 0.501961 0.486275 0.458824 -0.161293 -0.493759 0.854510 0.031272
-0.461075 0.082834 0.972661 0.584314 0.474510 0.427451 0.351360 -0.275716 0.894722 0.159990
-0.461246 0.022632 0.954393 0.000000 0.349020 0.313725 0.083567 -0.289838 0.953420 0.121876
-0.461344 0.032918 0.957175 0.000000 0.203922 0.184314 0.053328 -0.199404 0.978465 0.046482
-0.461524 0.049903 0.960401 0.466667 0.384314 0.274510 -0.008270 -0.050004 0.998715 0.028897
-0.461529 0.059419 0.961103 0.486275 0.403922 0.313725 -0.010368 -0.028392 0.999543 0.073756
-0.461655 0.118489 0.942460 0.384314 0.341176 0.286275 -0.068421 0.501328 0.862548 0.186356
-0.460618 0.068815 0.960713 0.501961 0.431373 0.400000 -0.042606 0.114088 0.992557 0.116940
-0.460836 0.117237 0.943251 0.392157 0.364706 0.356863 -0.157838 0.547653 0.821683 0.127982
-0.460015 0.007403 0.948023 0.486275 0.486275 0.458824 -0.133786 -0.395138 0.908827 0.052885
-0.455669 0.108650 0.949342 0.439216 0.419608 0.411765 0.038842 0.529075 0.847685 0.044346
-0.448857 0.105007 0.950240 0.521569 0.513725 0.509804 0.298228 0.234868 0.925147 0.101796
-0.448590 0.003557 0.947394 0.521569 0.509804 0.486275 -0.034484 -0.360817 0.931999 0.047712
-0.448475 0.007592 0.948825 0.521569 0.509804 0.486275 0.009365 -0.345279 0.938453 0.036299
-0.448531 0.017226 0.953069 0.000000 0.294118 0.266667 -0.011346 -0.101556 0.994765 0.131979
-0.448054 0.048443 0.958944 0.274510 0.321569 0.282353 0.179184 -0.041428 0.982943 0.130277
-0.447987 0.055350 0.958516 0.537255 0.521569 0.494118 0.212066 -0.062211 0.975273 0.079611
-0.448026 0.078020 0.957221 0.419608 0.403922 0.392157 0.218020 0.239087 0.946205 0.113876
-0.447072 0.025524 0.955419 0.000000 0.376471 0.329412 0.104820 -0.238907 0.965369 0.188422
-0.446616 0.088222 0.953360 0.082353 0.066667 0.054902 0.408125 0.310829 0.858382 0.097527
-0.446640 0.095976 0.950848 0.078431 0.066667 0.043137 0.433407 0.240135 0.868616 0.034033
-0.446182 0.116125 0.943696 0.466667 0.458824 0.454902 0.213412 0.558184 0.801802 0.126362
-0.441685 0.103590 0.946658 0.439216 0.447059 0.454902 0.495669 0.054729 0.866785 0.097663
-0.438885 0.092034 0.948599 0.078431 0.050980 0.043137 0.343832 0.298301 0.890391 0.024118
-0.437195 0.011852 0.948605 0.529412 0.529412 0.513725 0.193378 -0.288831 0.937647 0.021068
-0.436505 0.036024 0.955149 0.007843 0.329412 0.294118 -0.002232 -0.232329 0.972635 0.098974
-0.436013 0.088006 0.948909 0.078431 0.066667 0.050980 0.287225 0.298733 0.910088 0.013570
-0.435927 0.106835 0.942961 0.521569 0.513725 0.509804 0.430017 0.251610 0.867051 0.066754
-0.435539 0.005423 0.946418 0.541176 0.549020 0.521569 -0.023532 -0.046622 0.998635 0.214212
-0.434990 0.014728 0.948855 0.521569 0.529412 0.509804 0.225804 -0.341786 0.912247 0.109349
-0.435161 0.043655 0.956034 0.431373 0.337255 0.247059 0.158604 0.072467 0.984679 0.082891
-0.434972 0.071973 0.954361 0.501961 0.486275 0.482353 0.286221 0.256293 0.923250 0.110788
-0.434755 0.063596 0.955301 0.521569 0.494118 0.494118 0.299321 0.050896 0.952794 0.069577
-0.434051 0.100840 0.943752 0.482353 0.482353 0.474510 0.315778 0.238852 0.918278 0.037023
-0.431030 0.091066 0.946130 0.439216 0.439216 0.439216 0.287868 0.346673 0.892720 0.117282
-0.428840 0.012920 0.947348 0.556863 0.556863 0.537255 0.240272 -0.211126 0.947468 0.263411
-0.428033 0.106892 0.938056 0.513725 0.513725 0.501961 0.450915 0.378766 0.808215 0.048051
-0.427648 0.012389 0.946119 0.549020 0.549020 0.529412 0.211129 -0.173055 0.962017 0.229640
-0.426293 0.092970 0.943471 0.494118 0.486275 0.494118 0.385191 0.401639 0.830852 0.129441
-0.426064 0.081755 0.947541 0.509804 0.494118 0.486275 0.332204 0.194026 0.923035 0.217473
-0.424230 0.018606 0.947194 0.458824 0.447059 0.411765 0.149427 -0.318418 0.936099 0.084019
-0.424080 0.073639 0.948376 0.501961 0.501961 0.501961 0.424214 0.193566 0.884632 0.058151
-0.423099 0.004971 0.939726 0.549020 0.549020 0.529412 0.409687 -0.361133 0.837699 0.082866
-0.422876 0.012881 0.943188 0.549020 0.549020 0.529412 0.397420 -0.393743 0.828869 0.060131
-0.422912 0.080666 0.945600 0.509804 0.501961 0.509804 0.574689 0.162397 0.802097 0.087191
-0.422905 0.047991 0.952079 0.439216 0.321569 0.211765 0.282441 0.284640 0.916082 0.057915
-0.422050 0.036552 0.952929 0.501961 0.384314 0.282353 0.471075 0.032171 0.881506 0.068574
-0.421997 0.055738 0.950580 0.474510 0.368627 0.258824 0.321058 0.151816 0.934812 0.044303
-0.418894 0.076751 0.944397 0.513725 0.501961 0.494118 0.537912 0.223299 0.812889 0.119814
-0.416172 0.062805 0.946215 0.454902 0.356863 0.254902 0.324568 0.302624 0.896144 0.184238
-0.413977 0.025375 0.948574 0.513725 0.431373 0.329412 0.396967 -0.094941 0.912909 0.087799
-0.413026 0.050697 0.947884 0.466667 0.368627 0.258824 0.401073 0.166702 0.900750 0.104899
-0.413080 0.054697 0.946960 0.458824 0.356863 0.254902 0.370333 0.174208 0.912417 0.094001
-0.413542 0.064066 0.944375 0.458824 0.349020 0.247059 0.271522 0.517556 0.811426 0.060656
-0.413054 0.068671 0.942421 0.466667 0.356863 0.258824 0.412058 0.324081 0.851575 0.046312
-0.411903 0.025844 0.947775 0.513725 0.439216 0.349020 0.421041 -0.122986 0.898665 0.194183
-0.411082 0.013845 0.936583 0.494118 0.431373 0.356863 0.299957 -0.470468 0.829871 0.169169
-0.410207 0.009015 0.933478 0.529412 0.447059 0.364706 0.304760 -0.504359 0.807926 0.120173
-0.409672 0.026151 0.945520 0.521569 0.439216 0.356863 0.536535 -0.226224 0.812990 0.526072
-0.409983 0.047497 0.946241 0.494118 0.403922 0.301961 0.510109 -0.002605 0.860106 0.058455
-0.410292 0.080606 0.934685 0.509804 0.419608 0.337255 0.533279 0.272334 0.800904 0.031374
