-0.5195 0.0774688 0.9445 0.34901960784313724 0.28627450980392155 0.2196078431372549 -0.4995800846858858 0.27067822793247115 0.822893088990654 0.0
-0.5145 0.0308931 0.9435 0.39215686274509803 0.36470588235294116 0.3137254901960784 -0.2410460432809872 -0.3996856446087298 0.8843914238120385 0.0
-0.5145 0.0885 0.943304 0.3568627450980392 0.33725490196078434 0.30196078431372547 -0.44066496893633367 0.39052524581516884 0.8082724896551546 0.0
-0.5143 0.0515 0.9515 0.43137254901960786 0.3137254901960784 0.2196078431372549 -0.3011163261350923 0.05760100364940115 0.9518461443497507 0.0
-0.514115 0.0635 0.9505 0.42745098039215684 0.3137254901960784 0.22745098039215686 -0.2489807103046266 0.21574514172285159 0.9441729924749968 0.0
-0.5135 0.0165 0.939455 0.4549019607843137 0.43137254901960786 0.4117647058823529 -0.41672351302784255 -0.2650197862430814 0.8695435737152021 0.0
-0.5135 0.0765 0.947909 0.3843137254901961 0.3568627450980392 0.3215686274509804 -0.43590046928407455 0.1862896424766994 0.8805038046390413 0.0
-0.5125 0.0385 0.950148 0.043137254901960784 0.34901960784313724 0.3137254901960784 -0.006667019322709982 -0.413984168110351 0.9102596659235932 0.0
-0.5105 0.0805 0.948294 0.3764705882352941 0.3568627450980392 0.32941176470588235 -0.40186797266951335 0.27465087766422946 0.87353822351444 0.0
-0.5095 0.0965 0.941839 0.3568627450980392 0.33725490196078434 0.30980392156862746 -0.40542167804010965 0.44023114006923175 0.8011428126673085 0.0
-0.507389 0.0915 0.9455 0.3764705882352941 0.34901960784313724 0.32941176470588235 -0.3558222120701777 0.40402026621857723 0.8427088333951148 0.0
-0.502695 0.0195 0.9445 0.3686274509803922 0.39215686274509803 0.3764705882352941 -0.35217008918248177 -0.36343105159302286 0.8624929559267092 0.0
-0.501272 0.1015 0.9425 0.39215686274509803 0.3686274509803922 0.34901960784313724 -0.2252828443597841 0.4069715835223686 0.8852241355964382 0.0
-0.5005 0.0361691 0.9515 0.0 0.32941176470588235 0.30980392156862746 -0.2190959007846465 -0.2601473645372093 0.9403830788480345 0.0
-0.5005 0.0433762 0.9535 0.027450980392156862 0.36470588235294116 0.33725490196078434 -0.13611322628150854 -0.2815452013854183 0.9498449816723165 0.0
-0.5005 0.0562428 0.9545 0.4470588235294118 0.33725490196078434 0.23921568627450981 -0.19822406212562432 0.063898770419285 0.9780716580769122 0.0
-0.5005 0.0725 0.953759 0.4392156862745098 0.4196078431372549 0.4117647058823529 -0.2270300381688447 0.1551109633074113 0.9614561616791999 0.0
-0.5005 0.0832351 0.9505 0.2196078431372549 0.21176470588235294 0.2 -0.1089552022730886 0.3416912265522033 0.9334751574599514 0.0
-0.4985 0.0959894 0.9455 0.03137254901960784 0.03137254901960784 0.01568627450980392 -0.2027780703107973 0.38121060169821974 0.901975349637622 0.0
-0.497247 0.1105 0.9395 0.3686274509803922 0.34901960784313724 0.32941176470588235 -0.323896899118841 0.4546648796852722 0.8296810507188749 0.0
-0.4965 0.0175 0.946032 0.30980392156862746 0.42745098039215684 0.4117647058823529 -0.29444054278924026 -0.46674166558297336 0.8339406359992356 0.0
-0.4925 0.0135 0.945339 0.5019607843137255 0.5019607843137255 0.48627450980392156 -0.13896447340719534 -0.3389894713047908 0.9304703184278148 0.0
-0.4915 0.1035 0.94401 0.027450980392156862 0.027450980392156862 0.00784313725490196 -0.24838783157506217 0.3999509368201702 0.882237345198052 0.0
-0.4875 0.0211869 0.9505 0.00784313725490196 0.3137254901960784 0.28627450980392155 -0.1222475816495824 -0.3414254079785744 0.93192500748048 0.0
-0.4875 0.0325 0.952992 0.0 0.3411764705882353 0.3137254901960784 -0.1039028736850013 -0.2530809643087728 0.9618493740417676 0.0
-0.4875 0.0435 0.955684 0.0 0.3568627450980392 0.3137254901960784 -0.11335372568992878 -0.14343657283574895 0.9831464196371501 0.0
-0.4875 0.0585 0.956572 0.4392156862745098 0.3568627450980392 0.28627450980392155 -0.17644816253660162 0.014914599900352266 0.984196931842032 0.0
-0.4875 0.0695 0.957028 0.4392156862745098 0.4196078431372549 0.4117647058823529 -0.23089206087219769 0.05755193375820821 0.9712757750231806 0.0
-0.4875 0.0855 0.952681 0.11372549019607843 0.10980392156862745 0.08235294117647059 -0.3270269648504142 0.3765691072947644 0.8667462556549929 0.0
-0.4875 0.1075 0.943276 0.22745098039215686 0.21176470588235294 0.19215686274509805 -0.3190271466327768 0.338516300865362 0.8852278767412267 0.0
-0.4865 0.0945 0.949308 0.0196078431372549 0.0196078431372549 0.00784313725490196 -0.21357764246296926 0.36934167222515624 0.9044176688885978 0.0
-0.4845 0.0115 0.945582 0.5372549019607843 0.5294117647058824 0.5137254901960784 -0.04988210953717085 -0.3547414534796183 0.9336328380746306 0.0
-0.483361 0.1175 0.9405 0.3764705882352941 0.36470588235294116 0.3411764705882353 -0.26858666181095636 0.5211229238686439 0.8101185736149015 0.0
-0.4825 0.1055 0.946135 0.33725490196078434 0.3215686274509804 0.29411764705882354 -0.3207678722334326 0.29619241846325767 0.8996543910789981 0.0
-0.4795 0.1015 0.948456 0.29411764705882354 0.27450980392156865 0.24705882352941178 -0.29626961157788956 0.33399045848334563 0.8948042751895919 0.0
-0.4765 0.1055 0.947732 0.3686274509803922 0.36470588235294116 0.3411764705882353 -0.2215160512456643 0.4070658325604986 0.8861309423569163 0.0
-0.4755 0.0655 0.95711 0.5019607843137255 0.43137254901960786 0.36470588235294116 0.14722446767865696 0.021152658899198592 0.9888768988798506 0.0
-0.4755 0.119905 0.9405 0.4196078431372549 0.403921568627451 0.39215686274509803 -0.08366692482992973 0.5854548261209481 0.8063761481226942 0.0
-0.4745 0.0125 0.945851 0.5568627450980392 0.5411764705882353 0.5215686274509804 0.016150574208372688 -0.4264102995870151 0.9043856563208263 0.0
-0.4745 0.0195 0.948824 0.5294117647058824 0.5294117647058824 0.5098039215686274 -0.022877882057874752 -0.41012139930523817 0.9117439554745945 0.0
-0.4745 0.0348885 0.9545 0.0 0.27450980392156865 0.24705882352941178 -0.02725389204010301 -0.2703443631156783 0.9623778627442782 0.0
-0.4745 0.0435 0.956994 0.01568627450980392 0.33725490196078434 0.30196078431372547 -0.01446337286109439 -0.2334158874775965 0.972269424757627 0.0
-0.4745 0.0575 0.957437 0.4392156862745098 0.30980392156862746 0.19215686274509805 -0.0538422618020016 0.04123969810782414 0.9976974983150055 0.0
-0.4745 0.1155 0.943338 0.42745098039215684 0.4117647058823529 0.4 -0.030744051453790555 0.4692299146572763 0.8825407018891152 0.0
-0.4735 0.0805 0.97064 0.5019607843137255 0.20392156862745098 0.043137254901960784 -0.25503261070310534 -0.39301342593937477 0.8834584396050297 0.0
-0.4715 0.0885 0.972292 0.4392156862745098 0.4196078431372549 0.403921568627451 -0.14010308762011855 0.14388460831201677 0.9796266351678108 0.0
-0.4715 0.095084 0.9695 0.39215686274509803 0.3843137254901961 0.3568627450980392 -0.22681817345149966 0.5498778537784823 0.8038581106862674 0.0
-0.4695 0.0915 0.971769 0.43137254901960786 0.43137254901960786 0.4196078431372549 -0.07693787636267996 0.3250209309473883 0.9425719906865968 0.0
-0.4665 0.0922663 0.9715 0.4666666666666667 0.4666666666666667 0.4549019607843137 0.08309796061200052 0.3257864599772187 0.9417844293879775 0.0
-0.4655 0.0855 0.972163 0.5568627450980392 0.5215686274509804 0.5019607843137255 0.20327267417970615 -0.12965296905414062 0.9705000399522286 0.0
-0.4635 0.0935 0.97044 0.49411764705882355 0.48627450980392156 0.4823529411764706 0.23842003867680836 0.3848414288216585 0.8916574229040285 0.0
-0.461924 0.0835 0.9705 0.5686274509803921 0.5294117647058824 0.4823529411764706 0.35136012490161045 -0.27571560439366327 0.8947217266407258 0.0
-0.4615 0.0235114 0.9515 0.0 0.34901960784313724 0.3137254901960784 0.08356651284369429 -0.2898378671015864 0.9534204994256983 0.0
-0.4615 0.0335 0.954317 0.00392156862745098 0.1568627450980392 0.14901960784313725 0.053327808737966935 -0.19940377942515855 0.978465266407638 0.0
-0.4615 0.0500486 0.9575 0.48627450980392156 0.3843137254901961 0.2823529411764706 -0.008269578008176548 -0.050004109422763475 0.9987147756593986 0.0
-0.4615 0.0595 0.95826 0.48627450980392156 0.403921568627451 0.3137254901960784 -0.010367859279360065 -0.02839224319164654 0.9995430896267103 0.0
-0.4615 0.11735 0.9405 0.3764705882352941 0.34901960784313724 0.3215686274509804 -0.06842089590628352 0.5013275792757166 0.8625481083747919 0.0
-0.4605 0.0685 0.957975 0.5019607843137255 0.43137254901960786 0.4 -0.04260636347857439 0.11408764404544827 0.9925566519183128 0.0
-0.4605 0.11607 0.9415 0.39215686274509803 0.36470588235294116 0.3568627450980392 -0.15783821379141105 0.5476530288265952 0.8216831860785476 0.0
-0.455753 0.1075 0.9475 0.43137254901960786 0.4196078431372549 0.4196078431372549 0.038841824799436944 0.5290753543254784 0.8476854263768012 0.0
-0.4495 0.1045 0.948245 0.5137254901960784 0.49411764705882355 0.5019607843137255 0.2982277227116507 0.23486788430253958 0.9251471787394002 0.0
-0.4485 0.0175 0.950389 0.0 0.29411764705882354 0.26666666666666666 -0.011346483850500199 -0.10155620016709759 0.9947650956441177 0.0
-0.4485 0.0485463 0.9565 0.27450980392156865 0.3215686274509804 0.2823529411764706 0.179184262445863 -0.04142787247749867 0.9829428932922402 0.0
-0.4485 0.0555 0.956157 0.5372549019607843 0.5215686274509804 0.49411764705882355 0.21206563707730727 -0.062210997368981474 0.975273273179037 0.0
-0.4485 0.0775 0.955162 0.4470588235294118 0.4117647058823529 0.4 0.21801991134378101 0.23908725687316343 0.9462053698106537 0.0
-0.4475 0.0265 0.951475 0.0 0.33725490196078434 0.30196078431372547 0.10481952534461578 -0.23890691147804108 0.9653685072315923 0.0
-0.4475 0.0875483 0.9515 0.09411764705882353 0.0784313725490196 0.054901960784313725 0.40812497601841935 0.31082937305917 0.8583816778063286 0.0
-0.4475 0.0955 0.949125 0.09411764705882353 0.07058823529411765 0.054901960784313725 0.4334065371212765 0.24013453631665646 0.868616243256208 0.0
-0.4465 0.115293 0.9425 0.4666666666666667 0.4666666666666667 0.4470588235294118 0.21341180685317238 0.5581842517908926 0.8018015600809878 0.0
-0.4425 0.1035 0.945233 0.43137254901960786 0.4392156862745098 0.4470588235294118 0.49566945997947776 0.05472889271122748 0.8667851722002723 0.0
-0.4395 0.0915 0.947006 0.17647058823529413 0.1568627450980392 0.14901960784313725 0.3438316784739381 0.29830069501206696 0.8903911905635141 0.0
-0.437629 0.0125 0.9465 0.5215686274509804 0.5215686274509804 0.5098039215686274 0.19337827566278937 -0.28883052892679734 0.9376469314521073 0.0
-0.4365 0.0365 0.953158 0.01568627450980392 0.34901960784313724 0.30980392156862746 -0.0022316897445034418 -0.23232886210557174 0.9726347307152952 0.0
-0.4365 0.0875 0.947367 0.0784313725490196 0.054901960784313725 0.043137254901960784 0.2872254727121623 0.29873323273744024 0.9100878987677581 0.0
-0.4365 0.1065 0.941807 0.5215686274509804 0.5137254901960784 0.5019607843137255 0.4300173755629587 0.2516104774051505 0.8670508776155513 0.0
-0.4355 0.0155 0.946794 0.5137254901960784 0.5215686274509804 0.5019607843137255 0.22580370420172505 -0.3417863117485357 0.9122471179839992 0.0
-0.4355 0.0435 0.953932 0.43137254901960786 0.33725490196078434 0.24705882352941178 0.15860396642517877 0.07246650123456158 0.9846793325915916 0.0
-0.4355 0.0715 0.952656 0.5019607843137255 0.48627450980392156 0.4823529411764706 0.286220922934185 0.2562933801040909 0.9232503921415486 0.0
-0.435321 0.0635 0.9535 0.5215686274509804 0.5019607843137255 0.49411764705882355 0.2993212584713861 0.050896163788393706 0.9527939781184234 0.0
-0.4345 0.1005 0.942446 0.4549019607843137 0.4588235294117647 0.4588235294117647 0.31577827436977346 0.23885192575588512 0.9182776480992844 0.0
-0.4315 0.0905 0.944673 0.3686274509803922 0.3764705882352941 0.3764705882352941 0.2878679743211766 0.34667306708454704 0.8927204567603543 0.0
-0.4295 0.0135 0.944744 0.5411764705882353 0.5411764705882353 0.5215686274509804 0.24027249911736473 -0.21112564931563624 0.9474677231277838 0.0
-0.4285 0.1065 0.93722 0.5215686274509804 0.5098039215686274 0.49411764705882355 0.4509153934900494 0.37876608581428395 0.808215045733894 0.0
-0.427784 0.0125 0.9455 0.5568627450980392 0.5568627450980392 0.5372549019607843 0.21112909447774206 -0.1730546601813385 0.9620169385486568 0.0
-0.426743 0.0925 0.9425 0.49411764705882355 0.49411764705882355 0.48627450980392156 0.3851906140141856 0.40163881246107264 0.8308516445191849 0.0
-0.4265 0.0815 0.94633 0.5137254901960784 0.49411764705882355 0.48627450980392156 0.3322038482392424 0.19402635644776062 0.9230354143902848 0.0
-0.4245 0.0191825 0.9455 0.42745098039215684 0.3843137254901961 0.33725490196078434 0.14942684523384164 -0.31841785237596976 0.936099187699539 0.0
-0.4245 0.0734477 0.9475 0.5137254901960784 0.5019607843137255 0.5019607843137255 0.4242142239104317 0.19356588130835456 0.8846324331751522 0.0
-0.4235 0.0135 0.941886 0.5411764705882353 0.5490196078431373 0.5294117647058824 0.3974203619927389 -0.3937431482130868 0.8288687405788733 0.0
-0.4235 0.0805 0.944779 0.5137254901960784 0.5019607843137255 0.5019607843137255 0.574689262343464 0.16239741253549259 0.8020968346458563 0.0
-0.423392 0.0475 0.9505 0.4392156862745098 0.3215686274509804 0.2196078431372549 0.2824414627160425 0.284639553107451 0.9160824989844599 0.0
-0.422814 0.0365 0.9515 0.5019607843137255 0.3843137254901961 0.2823529411764706 0.4710748647995004 0.03217091197581585 0.8815063835144796 0.0
-0.4225 0.0555 0.949115 0.4745098039215686 0.3686274509803922 0.25882352941176473 0.32105802617464296 0.15181640811832053 0.9348120249841108 0.0
-0.4195 0.0765 0.943482 0.5098039215686274 0.5019607843137255 0.49411764705882355 0.5379118441703571 0.22329886766700485 0.8128889614208565 0.0
-0.4165 0.0625 0.94531 0.4588235294117647 0.3568627450980392 0.25882352941176473 0.32456760312510174 0.30262365729009705 0.8961444041280358 0.0
-0.4145 0.0255 0.94737 0.5137254901960784 0.43137254901960786 0.32941176470588235 0.39696671621197677 -0.0949414621512129 0.9129093848704096 0.0
-0.4135 0.0505 0.946819 0.4588235294117647 0.3568627450980392 0.24705882352941178 0.401072530437704 0.16670200798057142 0.9007503904320788 0.0
-0.4135 0.0545 0.945926 0.4745098039215686 0.36470588235294116 0.25882352941176473 0.3703325113838479 0.17420847310336632 0.9124172504458287 0.0
-0.4135 0.0641457 0.9445 0.49411764705882355 0.4117647058823529 0.3215686274509804 0.2715217998532343 0.517556145835647 0.8114256269752704 0.0
-0.4135 0.0683205 0.9415 0.4666666666666667 0.36470588235294116 0.26666666666666666 0.41205816228395975 0.32408062982984265 0.8515749034960215 0.0
-0.4125 0.0260189 0.9465 0.5137254901960784 0.42745098039215684 0.3215686274509804 0.4210413724944343 -0.1229856694167746 0.8986649474448811 0.0
-0.4115 0.0145 0.935428 0.5215686274509804 0.4745098039215686 0.4196078431372549 0.2999570138497931 -0.4704675939181587 0.8298710941556969 0.0
-0.4105 0.0265 0.944265 0.5137254901960784 0.43137254901960786 0.33725490196078434 0.5365346042904726 -0.2262244670302205 0.8129902268267181 0.0
-0.4105 0.0475 0.945369 0.49411764705882355 0.39215686274509803 0.28627450980392155 0.5101086142808684 -0.002605002743891493 0.8601060490411381 0.0
-0.4105 0.0805 0.934373 0.5019607843137255 0.4196078431372549 0.33725490196078434 0.5332790419971234 0.27233399392231694 0.800904275878803 0.0
