-0.5195 0.0774688 0.9445 0.349019607843 0.286274509804 0.219607843137 -0.499580084686 0.270678227932 0.822893088991 0.0442267715711
-0.5145 0.0308931 0.9435 0.392156862745 0.364705882353 0.313725490196 -0.241046043281 -0.399685644609 0.884391423812 0.44038048143
-0.5145 0.0885 0.943304 0.356862745098 0.337254901961 0.301960784314 -0.440664968936 0.390525245815 0.808272489655 0.0441033996604
-0.5143 0.0515 0.9515 0.43137254902 0.313725490196 0.219607843137 -0.301116326135 0.0576010036494 0.95184614435 0.062809604345
-0.514115 0.0635 0.9505 0.427450980392 0.313725490196 0.227450980392 -0.248980710305 0.215745141723 0.944172992475 0.0372605266884
-0.5135 0.0165 0.939455 0.454901960784 0.43137254902 0.411764705882 -0.416723513028 -0.265019786243 0.869543573715 0.0340145843234
-0.5135 0.0765 0.947909 0.38431372549 0.356862745098 0.321568627451 -0.435900469284 0.186289642477 0.880503804639 0.0312452861985
-0.5125 0.0385 0.950148 0.043137254902 0.349019607843 0.313725490196 -0.00666701932271 -0.41398416811 0.910259665924 0.1384600192
-0.5115 0.0025 0.936936 0.427450980392 0.38431372549 0.341176470588 -0.531884252744 -0.243900079536 0.810932730185 0.06941237876
-0.5105 0.0805 0.948294 0.376470588235 0.356862745098 0.329411764706 -0.40186797267 0.274650877664 0.873538223514 0.0384518049117
-0.5095 0.0965 0.941839 0.356862745098 0.337254901961 0.309803921569 -0.40542167804 0.440231140069 0.801142812667 0.051900008316
-0.507389 0.0915 0.9455 0.376470588235 0.349019607843 0.329411764706 -0.35582221207 0.404020266219 0.842708833395 0.0766251517105
-0.502695 0.0195 0.9445 0.36862745098 0.392156862745 0.376470588235 -0.352170089182 -0.363431051593 0.862492955927 0.162957973102
-0.501272 0.1015 0.9425 0.392156862745 0.36862745098 0.349019607843 -0.22528284436 0.406971583522 0.885224135596 0.0646459983393
-0.5005 0.0055 0.941403 0.521568627451 0.509803921569 0.494117647059 -0.176042809845 -0.255219950564 0.950721676379 0.0722768848561
-0.5005 0.0361691 0.9515 0.0 0.329411764706 0.309803921569 -0.219095900785 -0.260147364537 0.940383078848 0.0105553191403
-0.5005 0.0433762 0.9535 0.0274509803922 0.364705882353 0.337254901961 -0.136113226282 -0.281545201385 0.949844981672 0.0501558253548
-0.5005 0.0562428 0.9545 0.447058823529 0.337254901961 0.239215686275 -0.198224062126 0.0638987704193 0.978071658077 0.0145558646331
-0.5005 0.0725 0.953759 0.439215686275 0.419607843137 0.411764705882 -0.227030038169 0.155110963307 0.961456161679 0.0735734479407
-0.5005 0.0832351 0.9505 0.219607843137 0.211764705882 0.2 -0.108955202273 0.341691226552 0.93347515746 0.0567416725246
-0.4985 0.0959894 0.9455 0.0313725490196 0.0313725490196 0.0156862745098 -0.202778070311 0.381210601698 0.901975349638 0.0242922894604
-0.497247 0.1105 0.9395 0.36862745098 0.349019607843 0.329411764706 -0.323896899119 0.454664879685 0.829681050719 0.0818372822757
-0.4965 0.0175 0.946032 0.309803921569 0.427450980392 0.411764705882 -0.294440542789 -0.466741665583 0.833940635999 0.142382398248
-0.4925 0.0135 0.945339 0.501960784314 0.501960784314 0.486274509804 -0.138964473407 -0.338989471305 0.930470318428 0.0503178461593
-0.4915 0.1035 0.94401 0.0274509803922 0.0274509803922 0.0078431372549 -0.248387831575 0.39995093682 0.882237345198 0.0311478055647
-0.4875 0.0075 0.943224 0.529411764706 0.521568627451 0.509803921569 -0.0774598199398 -0.416567224327 0.905798942322 0.0593556233615
-0.4875 0.0211869 0.9505 0.0078431372549 0.313725490196 0.286274509804 -0.12224758165 -0.341425407979 0.93192500748 0.27418765108
-0.4875 0.0325 0.952992 0.0 0.341176470588 0.313725490196 -0.103902873685 -0.253080964309 0.961849374042 0.0413446207139
-0.4875 0.0435 0.955684 0.0 0.356862745098 0.313725490196 -0.11335372569 -0.143436572836 0.983146419637 0.0450688686052
-0.4875 0.0585 0.956572 0.439215686275 0.356862745098 0.286274509804 -0.176448162537 0.0149145999004 0.984196931842 0.076860034733
-0.4875 0.0695 0.957028 0.439215686275 0.419607843137 0.411764705882 -0.230892060872 0.0575519337582 0.971275775023 0.0711560440073
-0.4875 0.0855 0.952681 0.113725490196 0.109803921569 0.0823529411765 -0.32702696485 0.376569107295 0.866746255655 0.0392841146637
-0.4875 0.1075 0.943276 0.227450980392 0.211764705882 0.192156862745 -0.319027146633 0.338516300865 0.885227876741 0.0350543983463
-0.4865 0.0945 0.949308 0.0196078431373 0.0196078431373 0.0078431372549 -0.213577642463 0.369341672225 0.904417668889 0.0298527601365
-0.4845 0.0115 0.945582 0.537254901961 0.529411764706 0.513725490196 -0.0498821095372 -0.35474145348 0.933632838075 0.0468536803398
-0.483361 0.1175 0.9405 0.376470588235 0.364705882353 0.341176470588 -0.268586661811 0.521122923869 0.810118573615 0.0899104325335
-0.4825 0.1055 0.946135 0.337254901961 0.321568627451 0.294117647059 -0.320767872233 0.296192418463 0.899654391079 0.0556989846237
-0.4795 0.1015 0.948456 0.294117647059 0.274509803922 0.247058823529 -0.296269611578 0.333990458483 0.89480427519 0.0781891971979
-0.4765 0.1055 0.947732 0.36862745098 0.364705882353 0.341176470588 -0.221516051246 0.40706583256 0.886130942357 0.142774050021
-0.4755 0.0655 0.95711 0.501960784314 0.43137254902 0.364705882353 0.147224467679 0.0211526588992 0.98887689888 0.0519392088251
-0.4755 0.119905 0.9405 0.419607843137 0.403921568627 0.392156862745 -0.0836669248299 0.585454826121 0.806376148123 0.0939348690659
-0.4745 0.0075 0.94294 0.556862745098 0.537254901961 0.521568627451 0.0377266487529 -0.574760578843 0.817451513536 0.0537171149784
-0.4745 0.0125 0.945851 0.556862745098 0.541176470588 0.521568627451 0.0161505742084 -0.426410299587 0.904385656321 0.0274478036058
-0.4745 0.0195 0.948824 0.529411764706 0.529411764706 0.509803921569 -0.0228778820579 -0.410121399305 0.911743955475 0.0433296180769
-0.4745 0.0348885 0.9545 0.0 0.274509803922 0.247058823529 -0.0272538920401 -0.270344363116 0.962377862744 0.0372184703937
-0.4745 0.0435 0.956994 0.0156862745098 0.337254901961 0.301960784314 -0.0144633728611 -0.233415887478 0.972269424758 0.0960354003224
-0.4745 0.0575 0.957437 0.439215686275 0.309803921569 0.192156862745 -0.053842261802 0.0412396981078 0.997697498315 0.039197794108
-0.4745 0.1155 0.943338 0.427450980392 0.411764705882 0.4 -0.0307440514538 0.469229914657 0.882540701889 0.151840328302
-0.4735 0.0805 0.97064 0.501960784314 0.203921568627 0.043137254902 -0.255032610703 -0.393013425939 0.883458439605 0.300085661677
-0.4715 0.0885 0.972292 0.439215686275 0.419607843137 0.403921568627 -0.14010308762 0.143884608312 0.979626635168 0.281850982332
-0.4715 0.095084 0.9695 0.392156862745 0.38431372549 0.356862745098 -0.226818173451 0.549877853778 0.803858110686 0.233262838759
-0.4695 0.0915 0.971769 0.43137254902 0.43137254902 0.419607843137 -0.0769378763627 0.325020930947 0.942571990687 0.218791069115
-0.4665 0.0922663 0.9715 0.466666666667 0.466666666667 0.454901960784 0.083097960612 0.325786459977 0.941784429388 0.243631122009
-0.4655 0.0855 0.972163 0.556862745098 0.521568627451 0.501960784314 0.20327267418 -0.129652969054 0.970500039952 0.252375983497
-0.4635 0.0935 0.97044 0.494117647059 0.486274509804 0.482352941176 0.238420038677 0.384841428822 0.891657422904 0.249166209435
-0.4625 0.00356308 0.9425 0.501960784314 0.486274509804 0.466666666667 -0.161293392321 -0.493758580485 0.854509745872 0.049277136019
-0.461924 0.0835 0.9705 0.56862745098 0.529411764706 0.482352941176 0.351360124902 -0.275715604394 0.894721726641 0.170086705688
-0.4615 0.0235114 0.9515 0.0 0.349019607843 0.313725490196 0.0835665128437 -0.289837867102 0.953420499426 0.0850252447859
-0.4615 0.0335 0.954317 0.00392156862745 0.156862745098 0.149019607843 0.053327808738 -0.199403779425 0.978465266408 0.0358782186722
-0.4615 0.0500486 0.9575 0.486274509804 0.38431372549 0.282352941176 -0.00826957800818 -0.0500041094228 0.998714775659 0.0331738091065
-0.4615 0.0595 0.95826 0.486274509804 0.403921568627 0.313725490196 -0.0103678592794 -0.0283922431916 0.999543089627 0.0737561941392
-0.4615 0.11735 0.9405 0.376470588235 0.349019607843 0.321568627451 -0.0684208959063 0.501327579276 0.862548108375 0.205615874983
-0.4605 0.0685 0.957975 0.501960784314 0.43137254902 0.4 -0.0426063634786 0.114087644045 0.992556651918 0.116939913071
-0.4605 0.11607 0.9415 0.392156862745 0.364705882353 0.356862745098 -0.157838213791 0.547653028827 0.821683186079 0.115726599058
-0.459644 0.0085 0.9455 0.482352941176 0.482352941176 0.458823529412 -0.133785937302 -0.395138202629 0.908827334428 0.0639837521064
-0.455753 0.1075 0.9475 0.43137254902 0.419607843137 0.419607843137 0.0388418247994 0.529075354325 0.847685426377 0.0629904111016
-0.4495 0.1045 0.948245 0.513725490196 0.494117647059 0.501960784314 0.298227722712 0.234867884303 0.925147178739 0.11312257982
-0.4485 0.0045 0.944958 0.521568627451 0.513725490196 0.494117647059 -0.0344841434199 -0.36081651339 0.931999081286 0.0578195761446
-0.4485 0.0085 0.946356 0.509803921569 0.509803921569 0.486274509804 0.00936514257232 -0.345279302811 0.938453247187 0.0520312911202
-0.4485 0.0175 0.950389 0.0 0.294117647059 0.266666666667 -0.0113464838505 -0.101556200167 0.994765095644 0.131979087388
-0.4485 0.0485463 0.9565 0.274509803922 0.321568627451 0.282352941176 0.179184262446 -0.0414278724775 0.982942893292 0.13027698813
-0.4485 0.0555 0.956157 0.537254901961 0.521568627451 0.494117647059 0.212065637077 -0.062210997369 0.975273273179 0.079610934205
-0.4485 0.0775 0.955162 0.447058823529 0.411764705882 0.4 0.218019911344 0.239087256873 0.946205369811 0.0918860424612
-0.4475 0.0265 0.951475 0.0 0.337254901961 0.301960784314 0.104819525345 -0.238906911478 0.965368507232 0.180275763885
-0.4475 0.0875483 0.9515 0.0941176470588 0.078431372549 0.0549019607843 0.408124976018 0.310829373059 0.858381677806 0.0932970917519
-0.4475 0.0955 0.949125 0.0941176470588 0.0705882352941 0.0549019607843 0.433406537121 0.240134536317 0.868616243256 0.0338963547968
-0.4465 0.115293 0.9425 0.466666666667 0.466666666667 0.447058823529 0.213411806853 0.558184251791 0.801801560081 0.113782618253
-0.4425 0.1035 0.945233 0.43137254902 0.439215686275 0.447058823529 0.495669459979 0.0547288927112 0.8667851722 0.06242611403
-0.4395 0.0915 0.947006 0.176470588235 0.156862745098 0.149019607843 0.343831678474 0.298300695012 0.890391190564 0.0199481101558
-0.437629 0.0125 0.9465 0.521568627451 0.521568627451 0.509803921569 0.193378275663 -0.288830528927 0.937646931452 0.0315393087991
-0.4365 0.0365 0.953158 0.0156862745098 0.349019607843 0.309803921569 -0.0022316897445 -0.232328862106 0.972634730715 0.0657868628137
-0.4365 0.0875 0.947367 0.078431372549 0.0549019607843 0.043137254902 0.287225472712 0.298733232737 0.910087898768 0.0449500913946
-0.4365 0.1065 0.941807 0.521568627451 0.513725490196 0.501960784314 0.430017375563 0.251610477405 0.867050877616 0.0747639295779
-0.4355 0.0055 0.944775 0.541176470588 0.549019607843 0.521568627451 -0.0235315065704 -0.0466221420487 0.998635390956 0.142496934228
-0.4355 0.0155 0.946794 0.513725490196 0.521568627451 0.501960784314 0.225803704202 -0.341786311749 0.912247117984 0.109229791105
-0.4355 0.0435 0.953932 0.43137254902 0.337254901961 0.247058823529 0.158603966425 0.0724665012346 0.984679332592 0.0828907313274
-0.4355 0.0715 0.952656 0.501960784314 0.486274509804 0.482352941176 0.286220922934 0.256293380104 0.923250392142 0.110787813495
-0.435321 0.0635 0.9535 0.521568627451 0.501960784314 0.494117647059 0.299321258471 0.0508961637884 0.952793978118 0.0490013539823
-0.4345 0.1005 0.942446 0.454901960784 0.458823529412 0.458823529412 0.31577827437 0.238851925756 0.918277648099 0.02385797577
-0.4315 0.0905 0.944673 0.36862745098 0.376470588235 0.376470588235 0.287867974321 0.346673067085 0.89272045676 0.0999127540567
-0.4295 0.0135 0.944744 0.541176470588 0.541176470588 0.521568627451 0.240272499117 -0.211125649316 0.947467723128 0.0560752171872
-0.4285 0.1065 0.93722 0.521568627451 0.509803921569 0.494117647059 0.45091539349 0.378766085814 0.808215045734 0.0200940396033
-0.427784 0.0125 0.9455 0.556862745098 0.556862745098 0.537254901961 0.211129094478 -0.173054660181 0.962016938549 0.314607051151
-0.426743 0.0925 0.9425 0.494117647059 0.494117647059 0.486274509804 0.385190614014 0.401638812461 0.830851644519 0.125204103248
-0.4265 0.0815 0.94633 0.513725490196 0.494117647059 0.486274509804 0.332203848239 0.194026356448 0.92303541439 0.119861301645
-0.4245 0.0191825 0.9455 0.427450980392 0.38431372549 0.337254901961 0.149426845234 -0.318417852376 0.9360991877 0.0934709091308
-0.4245 0.0734477 0.9475 0.513725490196 0.501960784314 0.501960784314 0.42421422391 0.193565881308 0.884632433175 0.0356035177259
-0.423699 0.0055 0.9385 0.549019607843 0.549019607843 0.521568627451 0.409686767634 -0.361133432007 0.837698869948 0.0249429764225
-0.4235 0.0135 0.941886 0.541176470588 0.549019607843 0.529411764706 0.397420361993 -0.393743148213 0.828868740579 0.127532558172
-0.4235 0.0805 0.944779 0.513725490196 0.501960784314 0.501960784314 0.574689262343 0.162397412535 0.802096834646 0.0898874000269
-0.423392 0.0475 0.9505 0.439215686275 0.321568627451 0.219607843137 0.282441462716 0.284639553107 0.916082498984 0.0954753359659
-0.422814 0.0365 0.9515 0.501960784314 0.38431372549 0.282352941176 0.4710748648 0.0321709119758 0.881506383514 0.0820129251678
-0.4225 0.0555 0.949115 0.474509803922 0.36862745098 0.258823529412 0.321058026175 0.151816408118 0.934812024984 0.0455822346839
-0.4195 0.0765 0.943482 0.509803921569 0.501960784314 0.494117647059 0.53791184417 0.223298867667 0.812888961421 0.0831376601092
-0.4165 0.0625 0.94531 0.458823529412 0.356862745098 0.258823529412 0.324567603125 0.30262365729 0.896144404128 0.143241609337
-0.4145 0.0255 0.94737 0.513725490196 0.43137254902 0.329411764706 0.396966716212 -0.0949414621512 0.91290938487 0.0833756142117
-0.4135 0.0505 0.946819 0.458823529412 0.356862745098 0.247058823529 0.401072530438 0.166702007981 0.900750390432 0.0964277732253
-0.4135 0.0545 0.945926 0.474509803922 0.364705882353 0.258823529412 0.370332511384 0.174208473103 0.912417250446 0.0743950933406
-0.4135 0.0641457 0.9445 0.494117647059 0.411764705882 0.321568627451 0.271521799853 0.517556145836 0.811425626975 0.115001825562
-0.4135 0.0683205 0.9415 0.466666666667 0.364705882353 0.266666666667 0.412058162284 0.32408062983 0.851574903496 0.0652325221649
-0.4125 0.0260189 0.9465 0.513725490196 0.427450980392 0.321568627451 0.421041372494 -0.122985669417 0.898664947445 0.0446990503758
-0.4115 0.0145 0.935428 0.521568627451 0.474509803922 0.419607843137 0.29995701385 -0.470467593918 0.829871094156 0.206317282659
-0.4105 0.0095 0.932701 0.529411764706 0.474509803922 0.411764705882 0.304759604376 -0.50435866421 0.807925690504 0.12310321542
-0.4105 0.0265 0.944265 0.513725490196 0.43137254902 0.337254901961 0.53653460429 -0.22622446703 0.812990226827 0.228191862149
-0.4105 0.0475 0.945369 0.494117647059 0.392156862745 0.286274509804 0.510108614281 -0.00260500274389 0.860106049041 0.0523943241337
-0.4105 0.0805 0.934373 0.501960784314 0.419607843137 0.337254901961 0.533279041997 0.272333993922 0.800904275879 0.129623517304
