-0.5195 0.0774688 0.9445 0.349019607843 0.286274509804 0.219607843137 -0.499580084686 0.270678227932 0.822893088991 0.0442267715711 0.0300047357142 0.954766171483 -0.29583994596 1.53938040026 0.0
-0.5195 0.0774688 0.9445 0.349019607843 0.286274509804 0.219607843137 -0.499580084686 0.270678227932 0.822893088991 0.0442267715711 0.121583911056 0.96243575763 -0.242764834783 1.44513262065 0.0
-0.5195 0.0774688 0.9445 0.349019607843 0.286274509804 0.219607843137 -0.499580084686 0.270678227932 0.822893088991 0.0442267715711 0.761265562266 0.590498099117 0.267930473531 0.659734457254 0.0
-0.5145 0.0308931 0.9435 0.392156862745 0.364705882353 0.313725490196 -0.241046043281 -0.399685644609 0.884391423812 0.44038048143 -0.233240339459 0.90841114559 0.346969933304 1.82212373908 1.0
-0.5145 0.0308931 0.9435 0.392156862745 0.364705882353 0.313725490196 -0.241046043281 -0.399685644609 0.884391423812 0.44038048143 -0.944330935999 0.306831720868 -0.118715535567 2.82743338823 1.0
-0.5145 0.0308931 0.9435 0.392156862745 0.364705882353 0.313725490196 -0.241046043281 -0.399685644609 0.884391423812 0.44038048143 -0.808194118132 0.587187397706 0.0450913228079 2.51327412287 1.0
-0.5145 0.0885 0.943304 0.356862745098 0.337254901961 0.301960784314 -0.440664968936 0.390525245815 0.808272489655 0.0441033996604 -0.535922294478 0.607884519587 -0.585887109543 2.29336263712 2.0
-0.5145 0.0885 0.943304 0.356862745098 0.337254901961 0.301960784314 -0.440664968936 0.390525245815 0.808272489655 0.0441033996604 0.586332906186 0.807018011452 -0.0702541978549 0.942477796077 2.0
-0.5145 0.0885 0.943304 0.356862745098 0.337254901961 0.301960784314 -0.440664968936 0.390525245815 0.808272489655 0.0441033996604 -0.841668629661 0.133307214847 -0.523281094933 2.98451302091 2.0
-0.5143 0.0515 0.9515 0.43137254902 0.313725490196 0.219607843137 -0.301116326135 0.0576010036494 0.95184614435 0.062809604345 0.278864416636 0.959857617892 0.030132880872 1.28805298797 3.0
-0.5143 0.0515 0.9515 0.43137254902 0.313725490196 0.219607843137 -0.301116326135 0.0576010036494 0.95184614435 0.062809604345 -0.79314035055 0.539017625627 -0.283528452881 2.54469004941 3.0
-0.5143 0.0515 0.9515 0.43137254902 0.313725490196 0.219607843137 -0.301116326135 0.0576010036494 0.95184614435 0.062809604345 -0.776690642016 0.564298782528 -0.279854481189 2.51327412287 3.0
-0.514115 0.0635 0.9505 0.427450980392 0.313725490196 0.227450980392 -0.248980710305 0.215745141723 0.944172992475 0.0372605266884 -0.532616107031 0.783720801982 -0.31953370256 2.16769893098 4.0
-0.514115 0.0635 0.9505 0.427450980392 0.313725490196 0.227450980392 -0.248980710305 0.215745141723 0.944172992475 0.0372605266884 -0.0305663557867 0.972637211962 -0.230309686729 1.60221225333 4.0
-0.514115 0.0635 0.9505 0.427450980392 0.313725490196 0.227450980392 -0.248980710305 0.215745141723 0.944172992475 0.0372605266884 -0.708237431556 0.624395287468 -0.329439319953 2.41902634326 4.0
-0.5135 0.0165 0.939455 0.454901960784 0.43137254902 0.411764705882 -0.416723513028 -0.265019786243 0.869543573715 0.0340145843234 -0.152584349826 0.963379669833 0.220494054206 1.72787595947 5.0
-0.5135 0.0165 0.939455 0.454901960784 0.43137254902 0.411764705882 -0.416723513028 -0.265019786243 0.869543573715 0.0340145843234 -0.561999311267 0.826956874052 -0.0172945827807 2.16769893098 5.0
-0.5135 0.0165 0.939455 0.454901960784 0.43137254902 0.411764705882 -0.416723513028 -0.265019786243 0.869543573715 0.0340145843234 -0.680741290173 0.724915845277 -0.105301059444 2.32477856366 5.0
-0.5135 0.0765 0.947909 0.38431372549 0.356862745098 0.321568627451 -0.435900469284 0.186289642477 0.880503804639 0.0312452861985 -0.0610255589221 0.969973482909 -0.235430082214 1.63362817987 6.0
-0.5135 0.0765 0.947909 0.38431372549 0.356862745098 0.321568627451 -0.435900469284 0.186289642477 0.880503804639 0.0312452861985 -0.150387776634 0.949511052513 -0.275340294536 1.72787595947 6.0
-0.5135 0.0765 0.947909 0.38431372549 0.356862745098 0.321568627451 -0.435900469284 0.186289642477 0.880503804639 0.0312452861985 0.583610591793 0.80327106714 0.118971718669 0.942477796077 6.0
-0.5125 0.0385 0.950148 0.043137254902 0.349019607843 0.313725490196 -0.00666701932271 -0.41398416811 0.910259665924 0.1384600192 -0.904184620062 0.391275624827 0.171328801606 2.73318560862 7.0
-0.5125 0.0385 0.950148 0.043137254902 0.349019607843 0.313725490196 -0.00666701932271 -0.41398416811 0.910259665924 0.1384600192 -0.930854619275 0.33512828425 0.145597770827 2.79601746169 7.0
-0.5125 0.0385 0.950148 0.043137254902 0.349019607843 0.313725490196 -0.00666701932271 -0.41398416811 0.910259665924 0.1384600192 0.780406884025 0.566998790392 0.26358578691 0.628318530718 7.0
-0.5105 0.0805 0.948294 0.376470588235 0.356862745098 0.329411764706 -0.40186797267 0.274650877664 0.873538223514 0.0384518049117 0.9142262779 0.174397989646 0.365753542709 0.188495559215 9.0
-0.5105 0.0805 0.948294 0.376470588235 0.356862745098 0.329411764706 -0.40186797267 0.274650877664 0.873538223514 0.0384518049117 0.612562781734 0.789711179693 0.0335125514104 0.911061869541 9.0
-0.5105 0.0805 0.948294 0.376470588235 0.356862745098 0.329411764706 -0.40186797267 0.274650877664 0.873538223514 0.0384518049117 -0.229374093206 0.89335311062 -0.386403603906 1.82212373908 9.0
-0.5095 0.0965 0.941839 0.356862745098 0.337254901961 0.309803921569 -0.40542167804 0.440231140069 0.801142812667 0.051900008316 -0.10706418849 0.847500318665 -0.519885054032 1.69646003294 10.0
-0.5095 0.0965 0.941839 0.356862745098 0.337254901961 0.309803921569 -0.40542167804 0.440231140069 0.801142812667 0.051900008316 -0.279012084443 0.774985878074 -0.567053035897 1.91637151869 10.0
-0.5095 0.0965 0.941839 0.356862745098 0.337254901961 0.309803921569 -0.40542167804 0.440231140069 0.801142812667 0.051900008316 0.497630229857 0.841446765416 -0.210550457855 1.03672557568 10.0
-0.507389 0.0915 0.9455 0.376470588235 0.349019607843 0.329411764706 -0.35582221207 0.404020266219 0.842708833395 0.0766251517105 -0.921244932695 1.12819965806e-16 -0.388982999608 3.14159265359 11.0
-0.507389 0.0915 0.9455 0.376470588235 0.349019607843 0.329411764706 -0.35582221207 0.404020266219 0.842708833395 0.0766251517105 0.880013091787 0.448389066154 0.15660205502 0.471238898038 11.0
-0.507389 0.0915 0.9455 0.376470588235 0.349019607843 0.329411764706 -0.35582221207 0.404020266219 0.842708833395 0.0766251517105 0.470824378052 0.856426364332 -0.211797751425 1.06814150222 11.0
-0.502695 0.0195 0.9445 0.36862745098 0.392156862745 0.376470588235 -0.352170089182 -0.363431051593 0.862492955927 0.162957973102 -0.387498268474 0.895455664559 0.219098710036 1.97920337176 12.0
-0.502695 0.0195 0.9445 0.36862745098 0.392156862745 0.376470588235 -0.352170089182 -0.363431051593 0.862492955927 0.162957973102 -0.660611732606 0.749316924947 0.0460030948082 2.29336263712 12.0
-0.502695 0.0195 0.9445 0.36862745098 0.392156862745 0.376470588235 -0.352170089182 -0.363431051593 0.862492955927 0.162957973102 0.323631050168 0.817398726477 0.47657346267 1.19380520836 12.0
-0.501272 0.1015 0.9425 0.392156862745 0.36862745098 0.349019607843 -0.22528284436 0.406971583522 0.885224135596 0.0646459983393 -0.450655337804 0.762016560813 -0.465016695996 2.10486707791 13.0
-0.501272 0.1015 0.9425 0.392156862745 0.36862745098 0.349019607843 -0.22528284436 0.406971583522 0.885224135596 0.0646459983393 0.406958471531 0.864830773985 -0.294028119093 1.13097335529 13.0
-0.501272 0.1015 0.9425 0.392156862745 0.36862745098 0.349019607843 -0.22528284436 0.406971583522 0.885224135596 0.0646459983393 0.29088024301 0.895237335201 -0.337548215651 1.25663706144 13.0
-0.5005 0.0361691 0.9515 0.0 0.329411764706 0.309803921569 -0.219095900785 -0.260147364537 0.940383078848 0.0105553191403 -0.303524258528 0.934151613605 0.18770665221 1.88495559215 15.0
-0.5005 0.0361691 0.9515 0.0 0.329411764706 0.309803921569 -0.219095900785 -0.260147364537 0.940383078848 0.0105553191403 -0.392076580144 0.906035518592 0.159297188779 1.97920337176 15.0
-0.5005 0.0361691 0.9515 0.0 0.329411764706 0.309803921569 -0.219095900785 -0.260147364537 0.940383078848 0.0105553191403 -0.333300662257 0.9257782039 0.178452754878 1.91637151869 15.0
-0.5005 0.0433762 0.9535 0.0274509803922 0.364705882353 0.337254901961 -0.136113226282 -0.281545201385 0.949844981672 0.0501558253548 0.988077111569 0.0310515741795 0.150795959278 0.0314159265359 16.0
-0.5005 0.0433762 0.9535 0.0274509803922 0.364705882353 0.337254901961 -0.136113226282 -0.281545201385 0.949844981672 0.0501558253548 -0.60644419898 0.781823150336 0.14483782352 2.23053078405 16.0
-0.5005 0.0433762 0.9535 0.0274509803922 0.364705882353 0.337254901961 -0.136113226282 -0.281545201385 0.949844981672 0.0501558253548 0.293783048609 0.904171252205 0.310106218957 1.25663706144 16.0
-0.5005 0.0562428 0.9545 0.447058823529 0.337254901961 0.239215686275 -0.198224062126 0.0638987704193 0.978071658077 0.0145558646331 -0.554319768942 0.815656770675 -0.165630994119 2.16769893098 17.0
-0.5005 0.0562428 0.9545 0.447058823529 0.337254901961 0.239215686275 -0.198224062126 0.0638987704193 0.978071658077 0.0145558646331 0.68172336132 0.725961644828 0.0907355986833 0.816814089933 17.0
-0.5005 0.0562428 0.9545 0.447058823529 0.337254901961 0.239215686275 -0.198224062126 0.0638987704193 0.978071658077 0.0145558646331 0.937205242253 0.304516442621 0.170047258333 0.314159265359 17.0
-0.5005 0.0725 0.953759 0.439215686275 0.419607843137 0.411764705882 -0.227030038169 0.155110963307 0.961456161679 0.0735734479407 0.124280052657 0.983777915999 -0.129365685187 1.44513262065 18.0
-0.5005 0.0725 0.953759 0.439215686275 0.419607843137 0.411764705882 -0.227030038169 0.155110963307 0.961456161679 0.0735734479407 0.838995145731 0.532442510027 0.112214611152 0.565486677646 18.0
-0.5005 0.0725 0.953759 0.439215686275 0.419607843137 0.411764705882 -0.227030038169 0.155110963307 0.961456161679 0.0735734479407 -0.961468436878 0.121461710026 -0.24662825849 3.01592894745 18.0
-0.5005 0.0832351 0.9505 0.219607843137 0.211764705882 0.2 -0.108955202273 0.341691226552 0.93347515746 0.0567416725246 -0.476711286907 0.80607476463 -0.350699048704 2.10486707791 19.0
-0.5005 0.0832351 0.9505 0.219607843137 0.211764705882 0.2 -0.108955202273 0.341691226552 0.93347515746 0.0567416725246 -0.875398932249 0.411931469327 -0.252960815139 2.70176968209 19.0
-0.5005 0.0832351 0.9505 0.219607843137 0.211764705882 0.2 -0.108955202273 0.341691226552 0.93347515746 0.0567416725246 0.294987606175 0.907878499195 -0.297890823799 1.25663706144 19.0
-0.4985 0.0959894 0.9455 0.0313725490196 0.0313725490196 0.0156862745098 -0.202778070311 0.381210601698 0.901975349638 0.0242922894604 -0.170409695715 0.893318908941 -0.41586279292 1.75929188601 20.0
-0.4985 0.0959894 0.9455 0.0313725490196 0.0313725490196 0.0156862745098 -0.202778070311 0.381210601698 0.901975349638 0.0242922894604 5.64018248909e-17 0.92111170225 -0.389298384249 1.57079632679 20.0
-0.4985 0.0959894 0.9455 0.0313725490196 0.0313725490196 0.0156862745098 -0.202778070311 0.381210601698 0.901975349638 0.0242922894604 0.904577991201 0.42566209223 0.0234614806389 0.439822971503 20.0
-0.497247 0.1105 0.9395 0.36862745098 0.349019607843 0.329411764706 -0.323896899119 0.454664879685 0.829681050719 0.0818372822757 -0.331772569692 0.766681172656 -0.549660751277 1.97920337176 21.0
-0.497247 0.1105 0.9395 0.36862745098 0.349019607843 0.329411764706 -0.323896899119 0.454664879685 0.829681050719 0.0818372822757 -0.159865367578 0.838043605107 -0.521656956426 1.75929188601 21.0
-0.497247 0.1105 0.9395 0.36862745098 0.349019607843 0.329411764706 -0.323896899119 0.454664879685 0.829681050719 0.0818372822757 -0.235502875601 0.810606214691 -0.536149195923 1.85353966562 21.0
-0.4965 0.0175 0.946032 0.309803921569 0.427450980392 0.411764705882 -0.294440542789 -0.466741665583 0.833940635999 0.142382398248 -0.951306138052 0.0598511091319 -0.302381342746 3.07876080052 22.0
-0.4965 0.0175 0.946032 0.309803921569 0.427450980392 0.411764705882 -0.294440542789 -0.466741665583 0.833940635999 0.142382398248 0.670948925591 0.520441334542 0.528174551213 0.659734457254 22.0
-0.4965 0.0175 0.946032 0.309803921569 0.427450980392 0.411764705882 -0.294440542789 -0.466741665583 0.833940635999 0.142382398248 -0.342917876626 0.866111689515 0.363672752864 1.94778744523 22.0
-0.4925 0.0135 0.945339 0.501960784314 0.501960784314 0.486274509804 -0.138964473407 -0.338989471305 0.930470318428 0.0503178461593 -0.97378032239 0.217665690579 -0.0661326762671 2.92168116784 23.0
-0.4925 0.0135 0.945339 0.501960784314 0.501960784314 0.486274509804 -0.138964473407 -0.338989471305 0.930470318428 0.0503178461593 0.821208419055 0.485661305184 0.299582758384 0.53407075111 23.0
-0.4925 0.0135 0.945339 0.501960784314 0.501960784314 0.486274509804 -0.138964473407 -0.338989471305 0.930470318428 0.0503178461593 -0.950644140763 0.308883005443 -0.0294449754777 2.82743338823 23.0
-0.4915 0.1035 0.94401 0.0274509803922 0.0274509803922 0.0078431372549 -0.248387831575 0.39995093682 0.882237345198 0.0311478055647 0.964737145946 0.184033453049 0.188185885207 0.188495559215 24.0
-0.4915 0.1035 0.94401 0.0274509803922 0.0274509803922 0.0078431372549 -0.248387831575 0.39995093682 0.882237345198 0.0311478055647 -0.810493315995 0.412966971145 -0.415402052799 2.67035375555 24.0
-0.4915 0.1035 0.94401 0.0274509803922 0.0274509803922 0.0078431372549 -0.248387831575 0.39995093682 0.882237345198 0.0311478055647 -0.112767728001 0.892648482782 -0.436419666958 1.69646003294 24.0
-0.4875 0.0211869 0.9505 0.0078431372549 0.313725490196 0.286274509804 -0.12224758165 -0.341425407979 0.93192500748 0.27418765108 0.872509600403 0.410571852964 0.264873084247 0.439822971503 26.0
-0.4875 0.0211869 0.9505 0.0078431372549 0.313725490196 0.286274509804 -0.12224758165 -0.341425407979 0.93192500748 0.27418765108 -0.980511921843 0.187042652489 -0.0600950686364 2.95309709437 26.0
-0.4875 0.0211869 0.9505 0.0078431372549 0.313725490196 0.286274509804 -0.12224758165 -0.341425407979 0.93192500748 0.27418765108 -0.99226573427 0.0624280684988 -0.107291420242 3.07876080052 26.0
-0.4875 0.0325 0.952992 0.0 0.341176470588 0.313725490196 -0.103902873685 -0.253080964309 0.961849374042 0.0413446207139 0.855584194316 0.470361391168 0.216184754631 0.502654824574 27.0
-0.4875 0.0325 0.952992 0.0 0.341176470588 0.313725490196 -0.103902873685 -0.253080964309 0.961849374042 0.0413446207139 -0.446383593883 0.876077130838 0.182292479096 2.04203522483 27.0
-0.4875 0.0325 0.952992 0.0 0.341176470588 0.313725490196 -0.103902873685 -0.253080964309 0.961849374042 0.0413446207139 0.804744029124 0.546903477443 0.230832480276 0.596902604182 27.0
-0.4875 0.0435 0.955684 0.0 0.356862745098 0.313725490196 -0.11335372569 -0.143436572836 0.983146419637 0.0450688686052 -0.728877372522 0.684461411875 0.0158224991725 2.38761041673 28.0
-0.4875 0.0435 0.955684 0.0 0.356862745098 0.313725490196 -0.11335372569 -0.143436572836 0.983146419637 0.0450688686052 0.939871007652 0.305382602305 0.152918132295 0.314159265359 28.0
-0.4875 0.0435 0.955684 0.0 0.356862745098 0.313725490196 -0.11335372569 -0.143436572836 0.983146419637 0.0450688686052 0.362421880607 0.915373180358 0.175334882833 1.19380520836 28.0
-0.4875 0.0585 0.956572 0.439215686275 0.356862745098 0.286274509804 -0.176448162537 0.0149145999004 0.984196931842 0.076860034733 -0.742400096313 0.654513727883 -0.143017051454 2.41902634326 29.0
-0.4875 0.0585 0.956572 0.439215686275 0.356862745098 0.286274509804 -0.176448162537 0.0149145999004 0.984196931842 0.076860034733 0.967866438324 0.184630397496 0.170722505506 0.188495559215 29.0
-0.4875 0.0585 0.956572 0.439215686275 0.356862745098 0.286274509804 -0.176448162537 0.0149145999004 0.984196931842 0.076860034733 -0.678503012562 0.722532321712 -0.132592254775 2.32477856366 29.0
-0.4875 0.0695 0.957028 0.439215686275 0.419607843137 0.411764705882 -0.230892060872 0.0575519337582 0.971275775023 0.0711560440073 -0.0937983599625 0.992283000598 -0.081094478194 1.6650441064 30.0
-0.4875 0.0695 0.957028 0.439215686275 0.419607843137 0.411764705882 -0.230892060872 0.0575519337582 0.971275775023 0.0711560440073 0.876153867858 0.446422693347 0.18182733211 0.471238898038 30.0
-0.4875 0.0695 0.957028 0.439215686275 0.419607843137 0.411764705882 -0.230892060872 0.0575519337582 0.971275775023 0.0711560440073 -0.475215789954 0.864414312927 -0.164188454484 2.07345115137 30.0
-0.4875 0.0855 0.952681 0.113725490196 0.109803921569 0.0823529411765 -0.32702696485 0.376569107295 0.866746255655 0.0392841146637 0.82518297373 0.560793769853 0.0677008682439 0.596902604182 31.0
-0.4875 0.0855 0.952681 0.113725490196 0.109803921569 0.0823529411765 -0.32702696485 0.376569107295 0.866746255655 0.0392841146637 0.91328877837 0.361596607478 0.187487334942 0.376991118431 31.0
-0.4875 0.0855 0.952681 0.113725490196 0.109803921569 0.0823529411765 -0.32702696485 0.376569107295 0.866746255655 0.0392841146637 0.385390961551 0.890585965583 -0.241516965578 1.16238928183 31.0
-0.4875 0.1075 0.943276 0.227450980392 0.211764705882 0.192156862745 -0.319027146633 0.338516300865 0.885227876741 0.0350543983463 -0.380911170591 0.80947744187 -0.446825414701 2.0106192983 32.0
-0.4875 0.1075 0.943276 0.227450980392 0.211764705882 0.192156862745 -0.319027146633 0.338516300865 0.885227876741 0.0350543983463 -0.919408977197 0.116148364627 -0.375761480257 3.01592894745 32.0
-0.4875 0.1075 0.943276 0.227450980392 0.211764705882 0.192156862745 -0.319027146633 0.338516300865 0.885227876741 0.0350543983463 0.770070087424 0.637057379759 0.0339109915673 0.69115038379 32.0
-0.4865 0.0945 0.949308 0.0196078431373 0.0196078431373 0.0078431372549 -0.213577642463 0.369341672225 0.904417668889 0.0298527601365 -0.969923358405 0.0304810695028 -0.24149447866 3.11017672705 33.0
-0.4865 0.0945 0.949308 0.0196078431373 0.0196078431373 0.0078431372549 -0.213577642463 0.369341672225 0.904417668889 0.0298527601365 0.973231278725 0.0 0.229827931532 0.0 33.0
-0.4865 0.0945 0.949308 0.0196078431373 0.0196078431373 0.0078431372549 -0.213577642463 0.369341672225 0.904417668889 0.0298527601365 -0.143171547839 0.903949577026 -0.402960382772 1.72787595947 33.0
-0.4845 0.0115 0.945582 0.537254901961 0.529411764706 0.513725490196 -0.0498821095372 -0.35474145348 0.933632838075 0.0468536803398 0.720168326191 0.634913786002 0.279717833352 0.722566310326 34.0
-0.4845 0.0115 0.945582 0.537254901961 0.529411764706 0.513725490196 -0.0498821095372 -0.35474145348 0.933632838075 0.0468536803398 0.781721638199 0.567954015213 0.257564587966 0.628318530718 34.0
-0.4845 0.0115 0.945582 0.537254901961 0.529411764706 0.513725490196 -0.0498821095372 -0.35474145348 0.933632838075 0.0468536803398 0.117016701634 0.926282572377 0.358200624858 1.44513262065 34.0
-0.483361 0.1175 0.9405 0.376470588235 0.364705882353 0.341176470588 -0.268586661811 0.521122923869 0.810118573615 0.0899104325335 0.891001473913 0.453987926497 0.00336690946107 0.471238898038 35.0
-0.483361 0.1175 0.9405 0.376470588235 0.364705882353 0.341176470588 -0.268586661811 0.521122923869 0.810118573615 0.0899104325335 0.475063100455 0.803287833542 -0.359226540041 1.03672557568 35.0
-0.483361 0.1175 0.9405 0.376470588235 0.364705882353 0.341176470588 -0.268586661811 0.521122923869 0.810118573615 0.0899104325335 -0.942926602656 0.0296326622744 -0.331679555189 3.11017672705 35.0
-0.4825 0.1055 0.946135 0.337254901961 0.321568627451 0.294117647059 -0.320767872233 0.296192418463 0.899654391079 0.0556989846237 -0.508167896007 0.74774635191 -0.427364929157 2.16769893098 36.0
-0.4825 0.1055 0.946135 0.337254901961 0.321568627451 0.294117647059 -0.320767872233 0.296192418463 0.899654391079 0.0556989846237 -0.117494701248 0.93006632894 -0.348097140106 1.69646003294 36.0
-0.4825 0.1055 0.946135 0.337254901961 0.321568627451 0.294117647059 -0.320767872233 0.296192418463 0.899654391079 0.0556989846237 0.68454142343 0.728962576175 0.00407457294646 0.816814089933 36.0
-0.4795 0.1015 0.948456 0.294117647059 0.274509803922 0.247058823529 -0.296269611578 0.333990458483 0.89480427519 0.0781891971979 0.417769533337 0.88780544979 -0.193054656352 1.13097335529 38.0
-0.4795 0.1015 0.948456 0.294117647059 0.274509803922 0.247058823529 -0.296269611578 0.333990458483 0.89480427519 0.0781891971979 -0.333298602624 0.841816176724 -0.424567504755 1.94778744523 38.0
-0.4795 0.1015 0.948456 0.294117647059 0.274509803922 0.247058823529 -0.296269611578 0.333990458483 0.89480427519 0.0781891971979 -0.503782563212 0.741293530656 -0.443494115418 2.16769893098 38.0
-0.4765 0.1055 0.947732 0.36862745098 0.364705882353 0.341176470588 -0.221516051246 0.40706583256 0.886130942357 0.142774050021 0.232256570164 0.904579617157 -0.357480911155 1.31946891451 39.0
-0.4765 0.1055 0.947732 0.36862745098 0.364705882353 0.341176470588 -0.221516051246 0.40706583256 0.886130942357 0.142774050021 0.766673950388 0.634247850864 -0.0997031467424 0.69115038379 39.0
-0.4765 0.1055 0.947732 0.36862745098 0.364705882353 0.341176470588 -0.221516051246 0.40706583256 0.886130942357 0.142774050021 0.349049096335 0.881597382803 -0.317727529471 1.19380520836 39.0
-0.4755 0.0655 0.95711 0.501960784314 0.43137254902 0.364705882353 0.147224467679 0.0211526588992 0.98887689888 0.0519392088251 0.989098202204 0.0 -0.147257415424 0.0 41.0
-0.4755 0.0655 0.95711 0.501960784314 0.43137254902 0.364705882353 0.147224467679 0.0211526588992 0.98887689888 0.0519392088251 -0.981843163372 0.12403563656 0.143524086487 3.01592894745 41.0
-0.4755 0.0655 0.95711 0.501960784314 0.43137254902 0.364705882353 0.147224467679 0.0211526588992 0.98887689888 0.0519392088251 -0.187376872579 0.982263964911 0.00688555444025 1.75929188601 41.0
-0.4755 0.119905 0.9405 0.419607843137 0.403921568627 0.392156862745 -0.0836669248299 0.585454826121 0.806376148123 0.0939348690659 0.622322484753 0.662706136063 -0.416575686035 0.816814089933 42.0
-0.4755 0.119905 0.9405 0.419607843137 0.403921568627 0.392156862745 -0.0836669248299 0.585454826121 0.806376148123 0.0939348690659 0.808402250767 0.513027668515 -0.288597318584 0.565486677646 42.0
-0.4755 0.119905 0.9405 0.419607843137 0.403921568627 0.392156862745 -0.0836669248299 0.585454826121 0.806376148123 0.0939348690659 -0.299703033468 0.756963454993 -0.58067582999 1.94778744523 42.0
-0.4745 0.0125 0.945851 0.556862745098 0.541176470588 0.521568627451 0.0161505742084 -0.426410299587 0.904385656321 0.0274478036058 -0.999840582958 1.22445156958e-16 0.01785521411 3.14159265359 44.0
-0.4745 0.0125 0.945851 0.556862745098 0.541176470588 0.521568627451 0.0161505742084 -0.426410299587 0.904385656321 0.0274478036058 0.625756195787 0.709781079037 0.32348107097 0.848230016469 44.0
-0.4745 0.0125 0.945851 0.556862745098 0.541176470588 0.521568627451 0.0161505742084 -0.426410299587 0.904385656321 0.0274478036058 0.999501943889 0.0314106139995 -0.00303932395572 0.0314159265359 44.0
-0.4745 0.0195 0.948824 0.529411764706 0.529411764706 0.509803921569 -0.0228778820579 -0.410121399305 0.911743955475 0.0433296180769 0.114318923804 0.904927461927 0.409923739628 1.44513262065 45.0
-0.4745 0.0195 0.948824 0.529411764706 0.529411764706 0.509803921569 -0.0228778820579 -0.410121399305 0.911743955475 0.0433296180769 0.983247351269 0.155731081431 0.0947231571422 0.157079632679 45.0
-0.4745 0.0195 0.948824 0.529411764706 0.529411764706 0.509803921569 -0.0228778820579 -0.410121399305 0.911743955475 0.0433296180769 0.0858134241652 0.907811203268 0.410505633889 1.47654854719 45.0
-0.4745 0.0348885 0.9545 0.0 0.274509803922 0.247058823529 -0.0272538920401 -0.270344363116 0.962377862744 0.0372184703937 0.712982975064 0.669535579169 0.20827238294 0.753982236862 46.0
-0.4745 0.0348885 0.9545 0.0 0.274509803922 0.247058823529 -0.0272538920401 -0.270344363116 0.962377862744 0.0372184703937 -0.649450991163 0.736657548727 0.188544599446 2.29336263712 46.0
-0.4745 0.0348885 0.9545 0.0 0.274509803922 0.247058823529 -0.0272538920401 -0.270344363116 0.962377862744 0.0372184703937 -0.441710054575 0.866904793495 0.231015814833 2.04203522483 46.0
-0.4745 0.0435 0.956994 0.0156862745098 0.337254901961 0.301960784314 -0.0144633728611 -0.233415887478 0.972269424758 0.0960354003224 -0.675433995927 0.71926415094 0.162628405635 2.32477856366 47.0
-0.4745 0.0435 0.956994 0.0156862745098 0.337254901961 0.301960784314 -0.0144633728611 -0.233415887478 0.972269424758 0.0960354003224 -0.783011300858 0.607365822996 0.134164301456 2.48185819634 47.0
-0.4745 0.0435 0.956994 0.0156862745098 0.337254901961 0.301960784314 -0.0144633728611 -0.233415887478 0.972269424758 0.0960354003224 0.625703154829 0.756345187185 0.190886143706 0.879645943005 47.0
-0.4745 0.0575 0.957437 0.439215686275 0.309803921569 0.192156862745 -0.053842261802 0.0412396981078 0.997697498315 0.039197794108 6.11800969744e-17 0.99914680734 -0.0412996051105 1.57079632679 48.0
-0.4745 0.0575 0.957437 0.439215686275 0.309803921569 0.192156862745 -0.053842261802 0.0412396981078 0.997697498315 0.039197794108 0.844096522439 0.53567994213 0.0234106900047 0.565486677646 48.0
-0.4745 0.0575 0.957437 0.439215686275 0.309803921569 0.192156862745 -0.053842261802 0.0412396981078 0.997697498315 0.039197794108 0.917251924878 0.396930352571 0.0330938289648 0.408407044967 48.0
-0.4745 0.1155 0.943338 0.427450980392 0.411764705882 0.4 -0.0307440514538 0.469229914657 0.882540701889 0.151840328302 -0.220312661557 0.858061164449 -0.463889393307 1.82212373908 49.0
-0.4745 0.1155 0.943338 0.427450980392 0.411764705882 0.4 -0.0307440514538 0.469229914657 0.882540701889 0.151840328302 -0.193026232116 0.863549721775 -0.465857007822 1.79070781255 49.0
-0.4745 0.1155 0.943338 0.427450980392 0.411764705882 0.4 -0.0307440514538 0.469229914657 0.882540701889 0.151840328302 0.888123233188 0.417919070853 -0.191261007238 0.439822971503 49.0
-0.4735 0.0805 0.97064 0.501960784314 0.203921568627 0.043137254902 -0.255032610703 -0.393013425939 0.883458439605 0.300085661677 0.668028514578 0.588946358681 0.454840730704 0.722566310326 50.0
-0.4735 0.0805 0.97064 0.501960784314 0.203921568627 0.043137254902 -0.255032610703 -0.393013425939 0.883458439605 0.300085661677 -0.725763078487 0.681536895114 0.0936771824055 2.38761041673 50.0
-0.4735 0.0805 0.97064 0.501960784314 0.203921568627 0.043137254902 -0.255032610703 -0.393013425939 0.883458439605 0.300085661677 5.59462322095e-17 0.913671309123 0.40645385825 1.57079632679 50.0
-0.4715 0.0885 0.972292 0.439215686275 0.419607843137 0.403921568627 -0.14010308762 0.143884608312 0.979626635168 0.281850982332 -0.901692930085 0.390197374289 -0.186268271404 2.73318560862 51.0
-0.4715 0.0885 0.972292 0.439215686275 0.419607843137 0.403921568627 -0.14010308762 0.143884608312 0.979626635168 0.281850982332 -0.979608836606 0.123753375448 -0.158277065012 3.01592894745 51.0
-0.4715 0.0885 0.972292 0.439215686275 0.419607843137 0.403921568627 -0.14010308762 0.143884608312 0.979626635168 0.281850982332 0.535226373996 0.843381813422 -0.0473270046412 1.00530964915 51.0
-0.4715 0.095084 0.9695 0.392156862745 0.38431372549 0.356862745098 -0.226818173451 0.549877853778 0.803858110686 0.233262838759 -0.92152026515 0.145954471443 -0.359857879147 2.98451302091 52.0
-0.4715 0.095084 0.9695 0.392156862745 0.38431372549 0.356862745098 -0.226818173451 0.549877853778 0.803858110686 0.233262838759 -0.941044837209 0.0889549275038 -0.326376523721 3.04734487398 52.0
-0.4715 0.095084 0.9695 0.392156862745 0.38431372549 0.356862745098 -0.226818173451 0.549877853778 0.803858110686 0.233262838759 -0.70361058796 0.478173261801 -0.525625791043 2.54469004941 52.0
-0.4695 0.0915 0.971769 0.43137254902 0.43137254902 0.419607843137 -0.0769378763627 0.325020930947 0.942571990687 0.218791069115 0.801568139886 0.582373342721 -0.135387616891 0.628318530718 53.0
-0.4695 0.0915 0.971769 0.43137254902 0.43137254902 0.419607843137 -0.0769378763627 0.325020930947 0.942571990687 0.218791069115 -0.852562249021 0.468700062684 -0.231209564647 2.63893782902 53.0
-0.4695 0.0915 0.971769 0.43137254902 0.43137254902 0.419607843137 -0.0769378763627 0.325020930947 0.942571990687 0.218791069115 -0.911221316482 0.360778041409 -0.198783593956 2.76460153516 53.0
-0.4665 0.0922663 0.9715 0.466666666667 0.466666666667 0.454901960784 0.083097960612 0.325786459977 0.941784429388 0.243631122009 -0.0892050506522 0.943690863731 -0.318574971787 1.6650441064 54.0
-0.4665 0.0922663 0.9715 0.466666666667 0.466666666667 0.454901960784 0.083097960612 0.325786459977 0.941784429388 0.243631122009 0.557891162812 0.767871310086 -0.314850919649 0.942477796077 54.0
-0.4665 0.0922663 0.9715 0.466666666667 0.466666666667 0.454901960784 0.083097960612 0.325786459977 0.941784429388 0.243631122009 -0.916298142601 0.396517614123 -0.056316032848 2.73318560862 54.0
-0.4655 0.0855 0.972163 0.556862745098 0.521568627451 0.501960784314 0.20327267418 -0.129652969054 0.970500039952 0.252375983497 -0.850560346967 0.467599507716 0.240619609654 2.63893782902 55.0
-0.4655 0.0855 0.972163 0.556862745098 0.521568627451 0.501960784314 0.20327267418 -0.129652969054 0.970500039952 0.252375983497 0.155670639875 0.9828657383 0.0986995053584 1.41371669412 55.0
-0.4655 0.0855 0.972163 0.556862745098 0.521568627451 0.501960784314 0.20327267418 -0.129652969054 0.970500039952 0.252375983497 0.425565530772 0.904372787657 0.0316834335982 1.13097335529 55.0
-0.4635 0.0935 0.97044 0.494117647059 0.486274509804 0.482352941176 0.238420038677 0.384841428822 0.891657422904 0.249166209435 -0.654287844916 0.742143882381 -0.14536118409 2.29336263712 56.0
-0.4635 0.0935 0.97044 0.494117647059 0.486274509804 0.482352941176 0.238420038677 0.384841428822 0.891657422904 0.249166209435 -0.495499520593 0.837843932809 -0.229123917011 2.10486707791 56.0
-0.4635 0.0935 0.97044 0.494117647059 0.486274509804 0.482352941176 0.238420038677 0.384841428822 0.891657422904 0.249166209435 0.113789977695 0.900740422339 -0.419187944173 1.44513262065 56.0
-0.461924 0.0835 0.9705 0.56862745098 0.529411764706 0.482352941176 0.351360124902 -0.275715604394 0.894721726641 0.170086705688 0.66104257499 0.749805619704 -0.0285350085274 0.848230016469 58.0
-0.461924 0.0835 0.9705 0.56862745098 0.529411764706 0.482352941176 0.351360124902 -0.275715604394 0.894721726641 0.170086705688 -0.81363645394 0.382868253116 0.437501567512 2.70176968209 58.0
-0.461924 0.0835 0.9705 0.56862745098 0.529411764706 0.482352941176 0.351360124902 -0.275715604394 0.894721726641 0.170086705688 0.182648702916 0.957478031539 0.223327719826 1.38230076758 58.0
-0.4615 0.0235114 0.9515 0.0 0.349019607843 0.313725490196 0.0835665128437 -0.289837867102 0.953420499426 0.0850252447859 0.26951670867 0.927682596033 0.258390682425 1.28805298797 59.0
-0.4615 0.0235114 0.9515 0.0 0.349019607843 0.313725490196 0.0835665128437 -0.289837867102 0.953420499426 0.0850252447859 -0.265995889761 0.915563857859 0.301643844315 1.85353966562 59.0
-0.4615 0.0235114 0.9515 0.0 0.349019607843 0.313725490196 0.0835665128437 -0.289837867102 0.953420499426 0.0850252447859 -0.978922313277 0.155046062709 0.132935409151 2.98451302091 59.0
-0.4615 0.0335 0.954317 0.00392156862745 0.156862745098 0.149019607843 0.053327808738 -0.199403779425 0.978465266408 0.0358782186722 0.842647780697 0.534760542663 0.0630545771323 0.565486677646 60.0
-0.4615 0.0335 0.954317 0.00392156862745 0.156862745098 0.149019607843 0.053327808738 -0.199403779425 0.978465266408 0.0358782186722 -0.525292618423 0.827728719337 0.197314044647 2.13628300444 60.0
-0.4615 0.0335 0.954317 0.00392156862745 0.156862745098 0.149019607843 0.053327808738 -0.199403779425 0.978465266408 0.0358782186722 0.503580442394 0.851508025348 0.146084978033 1.03672557568 60.0
-0.4615 0.0500486 0.9575 0.486274509804 0.38431372549 0.282352941176 -0.00826957800818 -0.0500041094228 0.998714775659 0.0331738091065 -0.728678162853 0.684274341544 0.0282269460974 2.38761041673 61.0
-0.4615 0.0500486 0.9575 0.486274509804 0.38431372549 0.282352941176 -0.00826957800818 -0.0500041094228 0.998714775659 0.0331738091065 -0.50865708329 0.860092156304 0.0388516960132 2.10486707791 61.0
-0.4615 0.0500486 0.9575 0.486274509804 0.38431372549 0.282352941176 -0.00826957800818 -0.0500041094228 0.998714775659 0.0331738091065 -0.125185261431 0.990943381272 0.0485784461855 1.69646003294 61.0
-0.4615 0.0595 0.95826 0.486274509804 0.403921568627 0.313725490196 -0.0103678592794 -0.0283922431916 0.999543089627 0.0737561941392 -0.904823732495 0.425777729305 0.00270893744651 2.70176968209 62.0
-0.4615 0.0595 0.95826 0.486274509804 0.403921568627 0.313725490196 -0.0103678592794 -0.0283922431916 0.999543089627 0.0737561941392 0.999443207135 0.0314087681226 0.0112589962644 0.0314159265359 62.0
-0.4615 0.0595 0.95826 0.486274509804 0.403921568627 0.313725490196 -0.0103678592794 -0.0283922431916 0.999543089627 0.0737561941392 0.968441401359 0.248653489442 0.0171083114773 0.251327412287 62.0
-0.4615 0.11735 0.9405 0.376470588235 0.349019607843 0.321568627451 -0.0684208959063 0.501327579276 0.862548108375 0.205615874983 -0.0271309064378 0.863319441146 -0.503928027059 1.60221225333 63.0
-0.4615 0.11735 0.9405 0.376470588235 0.349019607843 0.321568627451 -0.0684208959063 0.501327579276 0.862548108375 0.205615874983 -0.93413047398 0.271389990383 -0.231835568242 2.85884931477 63.0
-0.4615 0.11735 0.9405 0.376470588235 0.349019607843 0.321568627451 -0.0684208959063 0.501327579276 0.862548108375 0.205615874983 0.906505275707 0.3922798622 -0.15609194351 0.408407044967 63.0
-0.4605 0.0685 0.957975 0.501960784314 0.43137254902 0.4 -0.0426063634786 0.114087644045 0.992556651918 0.116939913071 0.975778774593 0.218112397571 0.0168156200825 0.219911485751 64.0
-0.4605 0.0685 0.957975 0.501960784314 0.43137254902 0.4 -0.0426063634786 0.114087644045 0.992556651918 0.116939913071 -0.994137457615 0.0939736577625 -0.0534758544822 3.04734487398 64.0
-0.4605 0.0685 0.957975 0.501960784314 0.43137254902 0.4 -0.0426063634786 0.114087644045 0.992556651918 0.116939913071 0.995055224848 0.0940604123085 0.0319020115292 0.0942477796077 64.0
-0.4605 0.11607 0.9415 0.392156862745 0.364705882353 0.356862745098 -0.157838213791 0.547653028827 0.821683186079 0.115726599058 -0.515208539081 0.664202846332 -0.541659247297 2.23053078405 65.0
-0.4605 0.11607 0.9415 0.392156862745 0.364705882353 0.356862745098 -0.157838213791 0.547653028827 0.821683186079 0.115726599058 -0.103384879365 0.818375587984 -0.56530784862 1.69646003294 65.0
-0.4605 0.11607 0.9415 0.392156862745 0.364705882353 0.356862745098 -0.157838213791 0.547653028827 0.821683186079 0.115726599058 -0.302937800614 0.765133544186 -0.568154335124 1.94778744523 65.0
-0.455753 0.1075 0.9475 0.43137254902 0.419607843137 0.419607843137 0.0388418247994 0.529075354325 0.847685426377 0.0629904111016 -0.995476301015 0.0941002157253 -0.0131180607274 3.04734487398 69.0
-0.455753 0.1075 0.9475 0.43137254902 0.419607843137 0.419607843137 0.0388418247994 0.529075354325 0.847685426377 0.0629904111016 -0.998005382431 0.062789176553 0.00654033230746 3.07876080052 69.0
-0.455753 0.1075 0.9475 0.43137254902 0.419607843137 0.419607843137 0.0388418247994 0.529075354325 0.847685426377 0.0629904111016 0.567813127659 0.686368165176 -0.454408399892 0.879645943005 69.0
-0.4495 0.1045 0.948245 0.513725490196 0.494117647059 0.501960784314 0.298227722712 0.234867884303 0.925147178739 0.11312257982 -0.953539885984 0.0299661981398 0.299772768622 3.11017672705 70.0
-0.4495 0.1045 0.948245 0.513725490196 0.494117647059 0.501960784314 0.298227722712 0.234867884303 0.925147178739 0.11312257982 -0.365614626581 0.923437136188 -0.116575299008 1.94778744523 70.0
-0.4495 0.1045 0.948245 0.513725490196 0.494117647059 0.501960784314 0.298227722712 0.234867884303 0.925147178739 0.11312257982 0.373550518024 0.86322431499 -0.339564121329 1.16238928183 70.0
-0.4485 0.0175 0.950389 0.0 0.294117647059 0.266666666667 -0.0113464838505 -0.101556200167 0.994765095644 0.131979087388 0.451906764382 0.886916963283 0.0957004521727 1.09955742876 73.0
-0.4485 0.0175 0.950389 0.0 0.294117647059 0.266666666667 -0.0113464838505 -0.101556200167 0.994765095644 0.131979087388 0.366329385929 0.925242412227 0.0986370093907 1.19380520836 73.0
-0.4485 0.0175 0.950389 0.0 0.294117647059 0.266666666667 -0.0113464838505 -0.101556200167 0.994765095644 0.131979087388 0.217014605235 0.970867534001 0.101591793655 1.35088484104 73.0
-0.4485 0.0485463 0.9565 0.274509803922 0.321568627451 0.282352941176 0.179184262446 -0.0414278724775 0.982942893292 0.13027698813 0.367981158254 0.929414312898 -0.0279088184975 1.19380520836 74.0
-0.4485 0.0485463 0.9565 0.274509803922 0.321568627451 0.282352941176 0.179184262446 -0.0414278724775 0.982942893292 0.13027698813 0.338655268778 0.940651195672 -0.0220892962627 1.2252211349 74.0
-0.4485 0.0485463 0.9565 0.274509803922 0.321568627451 0.282352941176 0.179184262446 -0.0414278724775 0.982942893292 0.13027698813 -0.902596226513 0.390588265559 0.180999609647 2.73318560862 74.0
-0.4485 0.0555 0.956157 0.537254901961 0.521568627451 0.494117647059 0.212065637077 -0.062210997369 0.975273273179 0.079610934205 -0.306521631576 0.94337657929 0.126827122584 1.88495559215 75.0
-0.4485 0.0555 0.956157 0.537254901961 0.521568627451 0.494117647059 0.212065637077 -0.062210997369 0.975273273179 0.079610934205 0.425520744441 0.904277611859 -0.0348438910014 1.13097335529 75.0
-0.4485 0.0555 0.956157 0.537254901961 0.521568627451 0.494117647059 0.212065637077 -0.062210997369 0.975273273179 0.079610934205 -0.578547343776 0.796302104111 0.176595384983 2.19911485751 75.0
-0.4485 0.0775 0.955162 0.447058823529 0.411764705882 0.4 0.218019911344 0.239087256873 0.946205369811 0.0918860424612 0.209123292733 0.935563831286 -0.284583495703 1.35088484104 76.0
-0.4485 0.0775 0.955162 0.447058823529 0.411764705882 0.4 0.218019911344 0.239087256873 0.946205369811 0.0918860424612 0.888770723721 0.351889222921 -0.293701507399 0.376991118431 76.0
-0.4485 0.0775 0.955162 0.447058823529 0.411764705882 0.4 0.218019911344 0.239087256873 0.946205369811 0.0918860424612 0.669142484395 0.669142484395 -0.323259448672 0.785398163397 76.0
-0.4475 0.0265 0.951475 0.0 0.337254901961 0.301960784314 0.104819525345 -0.238906911478 0.965368507232 0.180275763885 -0.640429840313 0.726425061654 0.249311550952 2.29336263712 77.0
-0.4475 0.0265 0.951475 0.0 0.337254901961 0.301960784314 0.104819525345 -0.238906911478 0.965368507232 0.180275763885 5.94392077336e-17 0.970715928461 0.240230277509 1.57079632679 77.0
-0.4475 0.0265 0.951475 0.0 0.337254901961 0.301960784314 0.104819525345 -0.238906911478 0.965368507232 0.180275763885 0.80767730385 0.586811910151 0.0575252549006 0.628318530718 77.0
-0.4475 0.0875483 0.9515 0.0941176470588 0.078431372549 0.0549019607843 0.408124976018 0.310829373059 0.858381677806 0.0932970917519 -0.393120807369 0.908448585334 -0.142046466401 1.97920337176 78.0
-0.4475 0.0875483 0.9515 0.0941176470588 0.078431372549 0.0549019607843 0.408124976018 0.310829373059 0.858381677806 0.0932970917519 0.39971961646 0.784493918519 -0.474123950064 1.09955742876 78.0
-0.4475 0.0875483 0.9515 0.0941176470588 0.078431372549 0.0549019607843 0.408124976018 0.310829373059 0.858381677806 0.0932970917519 0.550893662798 0.665916045479 -0.503062613065 0.879645943005 78.0
-0.4475 0.0955 0.949125 0.0941176470588 0.0705882352941 0.0549019607843 0.433406537121 0.240134536317 0.868616243256 0.0338963547968 0.856105107102 0.191362163581 -0.480067253564 0.219911485751 79.0
-0.4475 0.0955 0.949125 0.0941176470588 0.0705882352941 0.0549019607843 0.433406537121 0.240134536317 0.868616243256 0.0338963547968 0.747727034798 0.442204535676 -0.495337692952 0.53407075111 79.0
-0.4475 0.0955 0.949125 0.0941176470588 0.0705882352941 0.0549019607843 0.433406537121 0.240134536317 0.868616243256 0.0338963547968 -0.880737171397 0.317084892757 0.351794266163 2.79601746169 79.0
-0.4465 0.115293 0.9425 0.466666666667 0.466666666667 0.447058823529 0.213411806853 0.558184251791 0.801801560081 0.113782618253 0.247885468427 0.762913025282 -0.59709003542 1.25663706144 80.0
-0.4465 0.115293 0.9425 0.466666666667 0.466666666667 0.447058823529 0.213411806853 0.558184251791 0.801801560081 0.113782618253 -0.976960729935 0.123418841779 0.174113530947 3.01592894745 80.0
-0.4465 0.115293 0.9425 0.466666666667 0.466666666667 0.447058823529 0.213411806853 0.558184251791 0.801801560081 0.113782618253 0.520710671186 0.629431076106 -0.576781516126 0.879645943005 80.0
-0.4425 0.1035 0.945233 0.43137254902 0.439215686275 0.447058823529 0.495669459979 0.0547288927112 0.8667851722 0.06242611403 -0.277636395069 0.955630739932 0.0984272372363 1.85353966562 81.0
-0.4425 0.1035 0.945233 0.43137254902 0.439215686275 0.447058823529 0.495669459979 0.0547288927112 0.8667851722 0.06242611403 -0.744423390524 0.540855252057 0.391547458124 2.51327412287 81.0
-0.4425 0.1035 0.945233 0.43137254902 0.439215686275 0.447058823529 0.495669459979 0.0547288927112 0.8667851722 0.06242611403 -0.820949956932 0.355256769716 0.447027734916 2.73318560862 81.0
-0.4395 0.0915 0.947006 0.176470588235 0.156862745098 0.149019607843 0.343831678474 0.298300695012 0.890391190564 0.0199481101558 0.309361208902 0.859283814183 -0.407341342254 1.2252211349 82.0
-0.4395 0.0915 0.947006 0.176470588235 0.156862745098 0.149019607843 0.343831678474 0.298300695012 0.890391190564 0.0199481101558 0.889979177572 0.198933915415 -0.410319827434 0.219911485751 82.0
-0.4395 0.0915 0.947006 0.176470588235 0.156862745098 0.149019607843 0.343831678474 0.298300695012 0.890391190564 0.0199481101558 -0.767809894105 0.635187585233 0.0836940743469 2.4504422698 82.0
-0.437629 0.0125 0.9465 0.521568627451 0.521568627451 0.509803921569 0.193378275663 -0.288830528927 0.937646931452 0.0315393087991 -0.451922539727 0.822044048057 0.346424019288 2.07345115137 83.0
-0.437629 0.0125 0.9465 0.521568627451 0.521568627451 0.509803921569 0.193378275663 -0.288830528927 0.937646931452 0.0315393087991 0.915705344267 0.396261087377 -0.0667897680125 0.408407044967 83.0
-0.437629 0.0125 0.9465 0.521568627451 0.521568627451 0.509803921569 0.193378275663 -0.288830528927 0.937646931452 0.0315393087991 0.980436023786 0.0926784909385 -0.173654543792 0.0942477796077 83.0
-0.4365 0.0365 0.953158 0.0156862745098 0.349019607843 0.309803921569 -0.0022316897445 -0.232328862106 0.972634730715 0.0657868628137 0.182409524188 0.956224212734 0.228827490627 1.38230076758 84.0
-0.4365 0.0365 0.953158 0.0156862745098 0.349019607843 0.309803921569 -0.0022316897445 -0.232328862106 0.972634730715 0.0657868628137 0.576962779828 0.794121138941 0.191011956119 0.942477796077 84.0
-0.4365 0.0365 0.953158 0.0156862745098 0.349019607843 0.309803921569 -0.0022316897445 -0.232328862106 0.972634730715 0.0657868628137 -0.870758729821 0.478703662657 0.112347842877 2.63893782902 84.0
-0.4365 0.0875 0.947367 0.078431372549 0.0549019607843 0.043137254902 0.287225472712 0.298733232737 0.910087898768 0.0449500913946 0.953634015534 0.0 -0.30096871003 0.0 85.0
-0.4365 0.0875 0.947367 0.078431372549 0.0549019607843 0.043137254902 0.287225472712 0.298733232737 0.910087898768 0.0449500913946 -0.559611642021 0.823443525448 -0.0936780150954 2.16769893098 85.0
-0.4365 0.0875 0.947367 0.078431372549 0.0549019607843 0.043137254902 0.287225472712 0.298733232737 0.910087898768 0.0449500913946 0.935168773227 0.118139289864 -0.333919861303 0.125663706144 85.0
-0.4365 0.1065 0.941807 0.521568627451 0.513725490196 0.501960784314 0.430017375563 0.251610477405 0.867050877616 0.0747639295779 -0.902558442147 0.142951213719 0.406144320415 2.98451302091 86.0
-0.4365 0.1065 0.941807 0.521568627451 0.513725490196 0.501960784314 0.430017375563 0.251610477405 0.867050877616 0.0747639295779 -0.860471954814 0.40490736692 0.309254004328 2.70176968209 86.0
-0.4365 0.1065 0.941807 0.521568627451 0.513725490196 0.501960784314 0.430017375563 0.251610477405 0.867050877616 0.0747639295779 -0.509039585731 0.860738932611 0.00268142622112 2.10486707791 86.0
-0.4355 0.0155 0.946794 0.513725490196 0.521568627451 0.501960784314 0.225803704202 -0.341786311749 0.912247117984 0.109229791105 -0.958269888722 0.0905831742653 0.271133747272 3.04734487398 88.0
-0.4355 0.0155 0.946794 0.513725490196 0.521568627451 0.501960784314 0.225803704202 -0.341786311749 0.912247117984 0.109229791105 -0.512766292371 0.754512686683 0.409611199849 2.16769893098 88.0
-0.4355 0.0155 0.946794 0.513725490196 0.521568627451 0.501960784314 0.225803704202 -0.341786311749 0.912247117984 0.109229791105 -0.87254989394 0.345466942085 0.345411746342 2.76460153516 88.0
-0.4355 0.0435 0.953932 0.43137254902 0.337254901961 0.247058823529 0.158603966425 0.0724665012346 0.984679332592 0.0828907313274 -0.933427852869 0.336054705349 0.12561719031 2.79601746169 89.0
-0.4355 0.0435 0.953932 0.43137254902 0.337254901961 0.247058823529 0.158603966425 0.0724665012346 0.984679332592 0.0828907313274 -0.98727502982 1.20906320515e-16 0.15902205977 3.14159265359 89.0
-0.4355 0.0435 0.953932 0.43137254902 0.337254901961 0.247058823529 0.158603966425 0.0724665012346 0.984679332592 0.0828907313274 -0.1251587217 0.990733297665 -0.0527525097002 1.69646003294 89.0
-0.4355 0.0715 0.952656 0.501960784314 0.486274509804 0.482352941176 0.286220922934 0.256293380104 0.923250392142 0.110787813495 -0.183210433098 0.960422724275 -0.209814508317 1.75929188601 90.0
-0.4355 0.0715 0.952656 0.501960784314 0.486274509804 0.482352941176 0.286220922934 0.256293380104 0.923250392142 0.110787813495 0.290767612517 0.894890694187 -0.338562905482 1.25663706144 90.0
-0.4355 0.0715 0.952656 0.501960784314 0.486274509804 0.482352941176 0.286220922934 0.256293380104 0.923250392142 0.110787813495 0.826635260171 0.421191702507 -0.373191232992 0.471238898038 90.0
-0.435321 0.0635 0.9535 0.521568627451 0.501960784314 0.494117647059 0.299321258471 0.0508961637884 0.952793978118 0.0490013539823 0.363195212928 0.917326394841 -0.163099732169 1.19380520836 91.0
-0.435321 0.0635 0.9535 0.521568627451 0.501960784314 0.494117647059 0.299321258471 0.0508961637884 0.952793978118 0.0490013539823 -0.278806984297 0.959659934483 0.0363245874749 1.85353966562 91.0
-0.435321 0.0635 0.9535 0.521568627451 0.501960784314 0.494117647059 0.299321258471 0.0508961637884 0.952793978118 0.0490013539823 -0.0313810503514 0.998561213353 -0.043482558177 1.60221225333 91.0
-0.4345 0.1005 0.942446 0.454901960784 0.458823529412 0.458823529412 0.31577827437 0.238851925756 0.918277648099 0.02385797577 -0.21473664284 0.960676516072 -0.176036376043 1.79070781255 92.0
-0.4345 0.1005 0.942446 0.454901960784 0.458823529412 0.458823529412 0.31577827437 0.238851925756 0.918277648099 0.02385797577 -0.153304198856 0.967924617733 -0.199047122558 1.72787595947 92.0
-0.4345 0.1005 0.942446 0.454901960784 0.458823529412 0.458823529412 0.31577827437 0.238851925756 0.918277648099 0.02385797577 -0.9475856825 0.0297790797571 0.318110956632 3.11017672705 92.0
-0.4315 0.0905 0.944673 0.36862745098 0.376470588235 0.376470588235 0.287867974321 0.346673067085 0.89272045676 0.0999127540567 -0.954657784429 0.0300013295138 0.296189862853 3.11017672705 93.0
-0.4315 0.0905 0.944673 0.36862745098 0.376470588235 0.376470588235 0.287867974321 0.346673067085 0.89272045676 0.0999127540567 0.862803591374 0.310628406665 -0.398848286551 0.345575191895 93.0
-0.4315 0.0905 0.944673 0.36862745098 0.376470588235 0.376470588235 0.287867974321 0.346673067085 0.89272045676 0.0999127540567 0.793183277013 0.43605619658 -0.425106201426 0.502654824574 93.0
-0.4295 0.0135 0.944744 0.541176470588 0.541176470588 0.521568627451 0.240272499117 -0.211125649316 0.947467723128 0.0560752171872 -0.484697891178 0.819579374937 0.305544763439 2.10486707791 94.0
-0.4295 0.0135 0.944744 0.541176470588 0.541176470588 0.521568627451 0.240272499117 -0.211125649316 0.947467723128 0.0560752171872 -0.0913900232334 0.966805459232 0.238610703141 1.6650441064 94.0
-0.4295 0.0135 0.944744 0.541176470588 0.541176470588 0.521568627451 0.240272499117 -0.211125649316 0.947467723128 0.0560752171872 -0.210453628586 0.941515411768 0.263169146402 1.79070781255 94.0
-0.4285 0.1065 0.93722 0.521568627451 0.509803921569 0.494117647059 0.45091539349 0.378766085814 0.808215045734 0.0200940396033 -0.726294398415 0.682035837737 0.0855778176502 2.38761041673 95.0
-0.4285 0.1065 0.93722 0.521568627451 0.509803921569 0.494117647059 0.45091539349 0.378766085814 0.808215045734 0.0200940396033 -0.796784307796 0.578897685261 0.173240401899 2.51327412287 95.0
-0.4285 0.1065 0.93722 0.521568627451 0.509803921569 0.494117647059 0.45091539349 0.378766085814 0.808215045734 0.0200940396033 0.355099360388 0.754624553043 -0.551766461645 1.13097335529 95.0
-0.427784 0.0125 0.9455 0.556862745098 0.556862745098 0.537254901961 0.211129094478 -0.173054660181 0.962016938549 0.314607051151 -0.658959922422 0.701721044488 0.27084939794 2.32477856366 96.0
-0.427784 0.0125 0.9455 0.556862745098 0.556862745098 0.537254901961 0.211129094478 -0.173054660181 0.962016938549 0.314607051151 0.246928431135 0.961722742842 0.118809577883 1.31946891451 96.0
-0.427784 0.0125 0.9455 0.556862745098 0.556862745098 0.537254901961 0.211129094478 -0.173054660181 0.962016938549 0.314607051151 -0.975126857615 0.0306445960534 0.219518838124 3.11017672705 96.0
-0.426743 0.0925 0.9425 0.494117647059 0.494117647059 0.486274509804 0.385190614014 0.401638812461 0.830851644519 0.125204103248 -0.556713432133 0.819178939101 -0.137898586705 2.16769893098 97.0
-0.426743 0.0925 0.9425 0.494117647059 0.494117647059 0.486274509804 0.385190614014 0.401638812461 0.830851644519 0.125204103248 -0.83702160613 0.531190063712 0.131270511105 2.57610597594 97.0
-0.426743 0.0925 0.9425 0.494117647059 0.494117647059 0.486274509804 0.385190614014 0.401638812461 0.830851644519 0.125204103248 0.767184676046 0.361009705641 -0.530188330004 0.439822971503 97.0
-0.4265 0.0815 0.94633 0.513725490196 0.494117647059 0.486274509804 0.332203848239 0.194026356448 0.92303541439 0.119861301645 0.295065149166 0.908117151983 -0.297085502881 1.25663706144 98.0
-0.4265 0.0815 0.94633 0.513725490196 0.494117647059 0.486274509804 0.332203848239 0.194026356448 0.92303541439 0.119861301645 0.730265432972 0.566451933984 -0.381896064254 0.659734457254 98.0
-0.4265 0.0815 0.94633 0.513725490196 0.494117647059 0.486274509804 0.332203848239 0.194026356448 0.92303541439 0.119861301645 0.20986384815 0.938876885772 -0.272887080316 1.35088484104 98.0
-0.4245 0.0191825 0.9455 0.427450980392 0.38431372549 0.337254901961 0.149426845234 -0.318417852376 0.9360991877 0.0934709091308 -0.666699089052 0.666699089052 0.3332036154 2.35619449019 99.0
-0.4245 0.0191825 0.9455 0.427450980392 0.38431372549 0.337254901961 0.149426845234 -0.318417852376 0.9360991877 0.0934709091308 -0.147143214701 0.929025694694 0.339499827639 1.72787595947 99.0
-0.4245 0.0191825 0.9455 0.427450980392 0.38431372549 0.337254901961 0.149426845234 -0.318417852376 0.9360991877 0.0934709091308 0.604144144876 0.778857938453 0.168493809743 0.911061869541 99.0
-0.4245 0.0734477 0.9475 0.513725490196 0.501960784314 0.501960784314 0.42421422391 0.193565881308 0.884632433175 0.0356035177259 0.898901976288 0.0282491326537 -0.437238177118 0.0314159265359 100.0
-0.4245 0.0734477 0.9475 0.513725490196 0.501960784314 0.501960784314 0.42421422391 0.193565881308 0.884632433175 0.0356035177259 -0.154900109635 0.978000801831 -0.139715380874 1.72787595947 100.0
-0.4245 0.0734477 0.9475 0.513725490196 0.501960784314 0.501960784314 0.42421422391 0.193565881308 0.884632433175 0.0356035177259 -0.453873115027 0.890776143718 0.022738892656 2.04203522483 100.0
-0.4235 0.0135 0.941886 0.541176470588 0.549019607843 0.529411764706 0.397420361993 -0.393743148213 0.828868740579 0.127532558172 -0.857053929762 0.163491780954 0.488599016619 2.95309709437 102.0
-0.4235 0.0135 0.941886 0.541176470588 0.549019607843 0.529411764706 0.397420361993 -0.393743148213 0.828868740579 0.127532558172 -0.882537535221 0.0834243591388 0.462782751654 3.04734487398 102.0
-0.4235 0.0135 0.941886 0.541176470588 0.549019607843 0.529411764706 0.397420361993 -0.393743148213 0.828868740579 0.127532558172 -0.604287053721 0.567463314901 0.559305411154 2.38761041673 102.0
-0.4235 0.0805 0.944779 0.513725490196 0.501960784314 0.501960784314 0.574689262343 0.162397412535 0.802096834646 0.0898874000269 -0.569238784618 0.783489971579 0.249220124632 2.19911485751 103.0
-0.4235 0.0805 0.944779 0.513725490196 0.501960784314 0.501960784314 0.574689262343 0.162397412535 0.802096834646 0.0898874000269 -0.155833733152 0.983895468729 -0.0875531508667 1.72787595947 103.0
-0.4235 0.0805 0.944779 0.513725490196 0.501960784314 0.501960784314 0.574689262343 0.162397412535 0.802096834646 0.0898874000269 -0.756257561018 0.479935642136 0.444675478085 2.57610597594 103.0
-0.423392 0.0475 0.9505 0.439215686275 0.321568627451 0.219607843137 0.282441462716 0.284639553107 0.916082498984 0.0954753359659 -0.303002563276 0.932546000716 -0.196334926076 1.88495559215 104.0
-0.423392 0.0475 0.9505 0.439215686275 0.321568627451 0.219607843137 0.282441462716 0.284639553107 0.916082498984 0.0954753359659 0.118410607991 0.937316477354 -0.32774494534 1.44513262065 104.0
-0.423392 0.0475 0.9505 0.439215686275 0.321568627451 0.219607843137 0.282441462716 0.284639553107 0.916082498984 0.0954753359659 -0.242661766839 0.945105182561 -0.218841177137 1.82212373908 104.0
-0.422814 0.0365 0.9515 0.501960784314 0.38431372549 0.282352941176 0.4710748648 0.0321709119758 0.881506383514 0.0820129251678 -0.542625499208 0.79844917531 0.260838037977 2.16769893098 105.0
-0.422814 0.0365 0.9515 0.501960784314 0.38431372549 0.282352941176 0.4710748648 0.0321709119758 0.881506383514 0.0820129251678 -0.85788198852 0.249237757571 0.449354018535 2.85884931477 105.0
-0.422814 0.0365 0.9515 0.501960784314 0.38431372549 0.282352941176 0.4710748648 0.0321709119758 0.881506383514 0.0820129251678 0.385674538056 0.891241272221 -0.238629724439 1.16238928183 105.0
-0.4225 0.0555 0.949115 0.474509803922 0.36862745098 0.258823529412 0.321058026175 0.151816408118 0.934812024984 0.0455822346839 0.740835606193 0.57465100078 -0.347762608541 0.659734457254 106.0
-0.4225 0.0555 0.949115 0.474509803922 0.36862745098 0.258823529412 0.321058026175 0.151816408118 0.934812024984 0.0455822346839 0.685541535782 0.643766352434 -0.339996597325 0.753982236862 106.0
-0.4225 0.0555 0.949115 0.474509803922 0.36862745098 0.258823529412 0.321058026175 0.151816408118 0.934812024984 0.0455822346839 -0.657675395507 0.745986304285 0.104725870556 2.29336263712 106.0
-0.4195 0.0765 0.943482 0.509803921569 0.501960784314 0.494117647059 0.53791184417 0.223298867667 0.812888961421 0.0831376601092 0.538477110342 0.650907011852 -0.535128455195 0.879645943005 107.0
-0.4195 0.0765 0.943482 0.509803921569 0.501960784314 0.494117647059 0.53791184417 0.223298867667 0.812888961421 0.0831376601092 0.305068677279 0.847360848926 -0.434640879176 1.2252211349 107.0
-0.4195 0.0765 0.943482 0.509803921569 0.501960784314 0.494117647059 0.53791184417 0.223298867667 0.812888961421 0.0831376601092 0.649986205333 0.504180981941 -0.568611880219 0.659734457254 107.0
-0.4165 0.0625 0.94531 0.458823529412 0.356862745098 0.258823529412 0.324567603125 0.30262365729 0.896144404128 0.143241609337 -0.944751255759 0.149633898889 0.291641494039 2.98451302091 108.0
-0.4165 0.0625 0.94531 0.458823529412 0.356862745098 0.258823529412 0.324567603125 0.30262365729 0.896144404128 0.143241609337 0.174004379923 0.912162903473 -0.371054326609 1.38230076758 108.0
-0.4165 0.0625 0.94531 0.458823529412 0.356862745098 0.258823529412 0.324567603125 0.30262365729 0.896144404128 0.143241609337 0.742896117624 0.504871680191 -0.439556532156 0.596902604182 108.0
-0.4145 0.0255 0.94737 0.513725490196 0.43137254902 0.329411764706 0.396966716212 -0.0949414621512 0.91290938487 0.0833756142117 -0.461357642916 0.839206437046 0.287891787557 2.07345115137 109.0
-0.4145 0.0255 0.94737 0.513725490196 0.43137254902 0.329411764706 0.396966716212 -0.0949414621512 0.91290938487 0.0833756142117 -0.828893081675 0.39004747718 0.400997786398 2.70176968209 109.0
-0.4145 0.0255 0.94737 0.513725490196 0.43137254902 0.329411764706 0.396966716212 -0.0949414621512 0.91290938487 0.0833756142117 -0.300936987 0.926188810617 0.227181022412 1.88495559215 109.0
-0.4135 0.0505 0.946819 0.458823529412 0.356862745098 0.247058823529 0.401072530438 0.166702007981 0.900750390432 0.0964277732253 -0.338646002346 0.940625457167 -0.0232945148921 1.91637151869 110.0
-0.4135 0.0505 0.946819 0.458823529412 0.356862745098 0.247058823529 0.401072530438 0.166702007981 0.900750390432 0.0964277732253 -0.507890455324 0.858795859208 0.0672083149445 2.10486707791 110.0
-0.4135 0.0505 0.946819 0.458823529412 0.356862745098 0.247058823529 0.401072530438 0.166702007981 0.900750390432 0.0964277732253 0.348954837078 0.881359311097 -0.318490637889 1.19380520836 110.0
-0.4135 0.0545 0.945926 0.474509803922 0.364705882353 0.258823529412 0.370332511384 0.174208473103 0.912417250446 0.0743950933406 6.0145858442e-17 0.982256410319 -0.187542913458 1.57079632679 111.0
-0.4135 0.0545 0.945926 0.474509803922 0.364705882353 0.258823529412 0.370332511384 0.174208473103 0.912417250446 0.0743950933406 0.900929756378 0.171861542512 -0.398483606035 0.188495559215 111.0
-0.4135 0.0545 0.945926 0.474509803922 0.364705882353 0.258823529412 0.370332511384 0.174208473103 0.912417250446 0.0743950933406 0.848623237623 0.335993708692 -0.408591272895 0.376991118431 111.0
-0.4135 0.0641457 0.9445 0.494117647059 0.411764705882 0.321568627451 0.271521799853 0.517556145836 0.811425626975 0.115001825562 -0.107904710532 0.854153735729 -0.508702240201 1.69646003294 112.0
-0.4135 0.0641457 0.9445 0.494117647059 0.411764705882 0.321568627451 0.271521799853 0.517556145836 0.811425626975 0.115001825562 0.602646987446 0.565923190155 -0.562625587196 0.753982236862 112.0
-0.4135 0.0641457 0.9445 0.494117647059 0.411764705882 0.321568627451 0.271521799853 0.517556145836 0.811425626975 0.115001825562 0.622359093778 0.548683348202 -0.558225529511 0.722566310326 112.0
-0.4135 0.0683205 0.9415 0.466666666667 0.364705882353 0.266666666667 0.412058162284 0.32408062983 0.851574903496 0.0652325221649 -0.271865020285 0.93576553763 -0.224571301215 1.85353966562 113.0
-0.4135 0.0683205 0.9415 0.466666666667 0.364705882353 0.266666666667 0.412058162284 0.32408062983 0.851574903496 0.0652325221649 0.895559005262 0.0281440755569 -0.444051775252 0.0314159265359 113.0
-0.4135 0.0683205 0.9415 0.466666666667 0.364705882353 0.266666666667 0.412058162284 0.32408062983 0.851574903496 0.0652325221649 0.169942946513 0.890872123937 -0.421267437291 1.38230076758 113.0
-0.4125 0.0260189 0.9465 0.513725490196 0.427450980392 0.321568627451 0.421041372494 -0.122985669417 0.898664947445 0.0446990503758 0.555851834537 0.817911136739 -0.148492795921 0.973893722613 114.0
-0.4125 0.0260189 0.9465 0.513725490196 0.427450980392 0.321568627451 0.421041372494 -0.122985669417 0.898664947445 0.0446990503758 -0.18291924827 0.958896279948 0.21692964969 1.75929188601 114.0
-0.4125 0.0260189 0.9465 0.513725490196 0.427450980392 0.321568627451 0.421041372494 -0.122985669417 0.898664947445 0.0446990503758 0.647559902039 0.734512529168 -0.202873156843 0.848230016469 114.0
-0.4115 0.0145 0.935428 0.521568627451 0.474509803922 0.419607843137 0.29995701385 -0.470467593918 0.829871094156 0.206317282659 -0.770939374484 0.392813231317 0.501348427914 2.67035375555 115.0
-0.4115 0.0145 0.935428 0.521568627451 0.474509803922 0.419607843137 0.29995701385 -0.470467593918 0.829871094156 0.206317282659 -0.934607823979 0.0293712341225 0.354465154795 3.11017672705 115.0
-0.4115 0.0145 0.935428 0.521568627451 0.474509803922 0.419607843137 0.29995701385 -0.470467593918 0.829871094156 0.206317282659 0.844327082146 0.535826259769 -0.0014133991286 0.565486677646 115.0
-0.4105 0.0265 0.944265 0.513725490196 0.43137254902 0.337254901961 0.53653460429 -0.22622446703 0.812990226827 0.228191862149 -0.605166113819 0.568288807279 0.55751395158 2.38761041673 117.0
-0.4105 0.0265 0.944265 0.513725490196 0.43137254902 0.337254901961 0.53653460429 -0.22622446703 0.812990226827 0.228191862149 -0.538084149335 0.650432003592 0.536100416842 2.26194671058 117.0
-0.4105 0.0265 0.944265 0.513725490196 0.43137254902 0.337254901961 0.53653460429 -0.22622446703 0.812990226827 0.228191862149 0.0920073567815 0.973336166012 0.210122236403 1.47654854719 117.0
-0.4105 0.0475 0.945369 0.494117647059 0.392156862745 0.286274509804 0.510108614281 -0.00260500274389 0.860106049041 0.0523943241337 -0.303798174709 0.934994640926 0.183007350899 1.88495559215 118.0
-0.4105 0.0475 0.945369 0.494117647059 0.392156862745 0.286274509804 0.510108614281 -0.00260500274389 0.860106049041 0.0523943241337 -0.486964977914 0.823412809254 0.291301314522 2.10486707791 118.0
-0.4105 0.0475 0.945369 0.494117647059 0.392156862745 0.286274509804 0.510108614281 -0.00260500274389 0.860106049041 0.0523943241337 0.463540976723 0.843177906496 -0.272361489376 1.06814150222 118.0
-0.4105 0.0805 0.934373 0.501960784314 0.419607843137 0.337254901961 0.533279041997 0.272333993922 0.800904275879 0.129623517304 0.0586727023703 0.932575898935 -0.35617370302 1.50796447372 119.0
-0.4105 0.0805 0.934373 0.501960784314 0.419607843137 0.337254901961 0.533279041997 0.272333993922 0.800904275879 0.129623517304 0.677281300154 0.429815782944 -0.5971167668 0.565486677646 119.0
-0.4105 0.0805 0.934373 0.501960784314 0.419607843137 0.337254901961 0.533279041997 0.272333993922 0.800904275879 0.129623517304 0.450516709942 0.709900741572 -0.541364600965 1.00530964915 119.0
