-0.5415 0.1415 0.877575 0.364705882353 0.247058823529 0.192156862745 -0.52671347515 -0.0383333777821 0.849178112791 0.0520061448351 -0.361893749872 0.914039274389 -0.183207856484 1.94778744523 0.0
-0.5415 0.1415 0.877575 0.364705882353 0.247058823529 0.192156862745 -0.52671347515 -0.0383333777821 0.849178112791 0.0520061448351 0.0936100596581 0.990290991449 0.102766283311 1.47654854719 0.0
-0.5415 0.1415 0.877575 0.364705882353 0.247058823529 0.192156862745 -0.52671347515 -0.0383333777821 0.849178112791 0.0520061448351 0.782550454416 0.368240292094 0.502009834139 0.439822971503 0.0
-0.534305 0.1625 0.8835 0.392156862745 0.239215686275 0.192156862745 -0.55507109414 0.1875562339 0.810381848004 0.132541367769 -0.724670915844 0.369238274131 -0.581820557085 2.67035375555 1.0
-0.534305 0.1625 0.8835 0.392156862745 0.239215686275 0.192156862745 -0.55507109414 0.1875562339 0.810381848004 0.132541367769 -0.818333319984 0.0514851685294 -0.572433275435 3.07876080052 1.0
-0.5295 0.1245 0.885954 0.301960784314 0.16862745098 0.129411764706 -0.557237916904 -0.0783238945268 0.826650634495 0.130240108231 -0.156423447267 0.987618777114 -0.0118682869995 1.72787595947 2.0
-0.5295 0.1245 0.885954 0.301960784314 0.16862745098 0.129411764706 -0.557237916904 -0.0783238945268 0.826650634495 0.130240108231 0.0929585556007 0.983398798438 0.155838089602 1.47654854719 2.0
-0.5295 0.1245 0.885954 0.301960784314 0.16862745098 0.129411764706 -0.557237916904 -0.0783238945268 0.826650634495 0.130240108231 -0.515821247585 0.812804227008 -0.270698594562 2.13628300444 2.0
-0.5295 0.1475 0.890597 0.321568627451 0.192156862745 0.141176470588 -0.549099696211 -0.123158899934 0.826632571938 0.101926291765 0.368673249985 0.851953613549 0.371826673472 1.16238928183 3.0
-0.5295 0.1475 0.890597 0.321568627451 0.192156862745 0.141176470588 -0.549099696211 -0.123158899934 0.826632571938 0.101926291765 -0.760877499273 0.482867544106 -0.433479372 2.57610597594 3.0
-0.5295 0.1475 0.890597 0.321568627451 0.192156862745 0.141176470588 -0.549099696211 -0.123158899934 0.826632571938 0.101926291765 0.318184506358 0.88379146567 0.343032454913 1.2252211349 3.0
-0.527206 0.1355 0.8895 0.286274509804 0.141176470588 0.0941176470588 -0.451521133647 -0.21976042572 0.864773971138 0.113085478226 0.863432976414 0.136754348727 0.485573622991 0.157079632679 4.0
-0.527206 0.1355 0.8895 0.286274509804 0.141176470588 0.0941176470588 -0.451521133647 -0.21976042572 0.864773971138 0.113085478226 0.702317201294 0.51026331489 0.496368711991 0.628318530718 4.0
-0.527206 0.1355 0.8895 0.286274509804 0.141176470588 0.0941176470588 -0.451521133647 -0.21976042572 0.864773971138 0.113085478226 0.148436075036 0.937188493594 0.315665105932 1.41371669412 4.0
-0.5245 0.1235 0.888317 0.341176470588 0.219607843137 0.16862745098 -0.335958714461 -0.0781848971022 0.938626051227 0.139383057047 0.893074017913 0.290177338614 0.34382540727 0.314159265359 5.0
-0.5245 0.1235 0.888317 0.341176470588 0.219607843137 0.16862745098 -0.335958714461 -0.0781848971022 0.938626051227 0.139383057047 -0.0313296276326 0.99692491591 0.071827337902 1.60221225333 5.0
-0.5245 0.1235 0.888317 0.341176470588 0.219607843137 0.16862745098 -0.335958714461 -0.0781848971022 0.938626051227 0.139383057047 -0.941410403365 0.0592285222768 -0.332021738122 3.07876080052 5.0
-0.5235 0.1015 0.883751 0.239215686275 0.164705882353 0.109803921569 -0.426943984759 -0.276487893401 0.860972286825 0.114846657646 -0.903401207085 0.172332996948 -0.392641817946 2.95309709437 6.0
-0.5235 0.1015 0.883751 0.239215686275 0.164705882353 0.109803921569 -0.426943984759 -0.276487893401 0.860972286825 0.114846657646 -0.885885390514 0.318938365689 -0.336875932304 2.79601746169 6.0
-0.5235 0.1015 0.883751 0.239215686275 0.164705882353 0.109803921569 -0.426943984759 -0.276487893401 0.860972286825 0.114846657646 0.331726259908 0.837844892344 0.433559251845 1.19380520836 6.0
-0.5205 0.1255 0.890134 0.282352941176 0.149019607843 0.109803921569 -0.526594572615 -0.184556583598 0.829841565326 0.22056857146 -0.553880463838 0.815010352843 -0.170219142688 2.16769893098 7.0
-0.5205 0.1255 0.890134 0.282352941176 0.149019607843 0.109803921569 -0.526594572615 -0.184556583598 0.829841565326 0.22056857146 0.385129391947 0.81844161855 0.426413729239 1.13097335529 7.0
-0.5205 0.1255 0.890134 0.282352941176 0.149019607843 0.109803921569 -0.526594572615 -0.184556583598 0.829841565326 0.22056857146 0.0607432736827 0.965486687513 0.253270035611 1.50796447372 7.0
-0.5195 0.0955 0.884969 0.203921568627 0.137254901961 0.0941176470588 -0.474809347093 0.0912819702674 0.875342039329 0.461580665029 0.27862626492 0.959037894309 0.0511245711566 1.28805298797 8.0
-0.5195 0.0955 0.884969 0.203921568627 0.137254901961 0.0941176470588 -0.474809347093 0.0912819702674 0.875342039329 0.461580665029 -0.523465539389 0.770256150582 -0.364265413624 2.16769893098 8.0
-0.5195 0.0955 0.884969 0.203921568627 0.137254901961 0.0941176470588 -0.474809347093 0.0912819702674 0.875342039329 0.461580665029 -0.723569759301 0.52570420211 -0.447305147867 2.51327412287 8.0
-0.5185 0.1515 0.89906 0.294117647059 0.164705882353 0.113725490196 -0.522548803708 -0.10394720551 0.846249210463 0.0317682115276 -0.684548918979 0.642834223212 -0.343739638379 2.38761041673 9.0
-0.5185 0.1515 0.89906 0.294117647059 0.164705882353 0.113725490196 -0.522548803708 -0.10394720551 0.846249210463 0.0317682115276 -0.308174516316 0.948463635443 -0.0737915966479 1.88495559215 9.0
-0.5185 0.1515 0.89906 0.294117647059 0.164705882353 0.113725490196 -0.522548803708 -0.10394720551 0.846249210463 0.0317682115276 0.211400480618 0.945751384253 0.246706619243 1.35088484104 9.0
-0.51804 0.1435 0.8985 0.294117647059 0.176470588235 0.121568627451 -0.517335745539 -0.240983134115 0.821152151224 0.059260896659 -0.68789704634 0.68789704634 -0.231506603086 2.35619449019 10.0
-0.51804 0.1435 0.8985 0.294117647059 0.176470588235 0.121568627451 -0.517335745539 -0.240983134115 0.821152151224 0.059260896659 -0.030297738861 0.96408968279 0.263843003617 1.60221225333 10.0
-0.51804 0.1435 0.8985 0.294117647059 0.176470588235 0.121568627451 -0.517335745539 -0.240983134115 0.821152151224 0.059260896659 0.82123828114 0.130071365531 0.555561990653 0.157079632679 10.0
-0.5175 0.1605 0.900994 0.392156862745 0.274509803922 0.23137254902 -0.499867377779 0.0673264359008 0.863481184312 0.115373948565 -0.705260833668 0.547056378622 -0.450928458963 2.48185819634 11.0
-0.5175 0.1605 0.900994 0.392156862745 0.274509803922 0.23137254902 -0.499867377779 0.0673264359008 0.863481184312 0.115373948565 0.0940831152101 0.99529539646 -0.0231396027867 1.47654854719 11.0
-0.5175 0.1605 0.900994 0.392156862745 0.274509803922 0.23137254902 -0.499867377779 0.0673264359008 0.863481184312 0.115373948565 0.609024940183 0.736184688902 0.295162202968 0.879645943005 11.0
-0.5155 0.1075 0.894027 0.301960784314 0.2 0.16862745098 -0.476860511767 -0.0280919896762 0.878529961034 0.144935979289 -0.715933781 0.592271932195 -0.369665767359 2.4504422698 12.0
-0.5155 0.1075 0.894027 0.301960784314 0.2 0.16862745098 -0.476860511767 -0.0280919896762 0.878529961034 0.144935979289 0.155383672003 0.981053894465 0.115711583822 1.41371669412 12.0
-0.5155 0.1075 0.894027 0.301960784314 0.2 0.16862745098 -0.476860511767 -0.0280919896762 0.878529961034 0.144935979289 0.385747105487 0.891408965659 0.237884901899 1.16238928183 12.0
-0.5145 0.0945 0.893932 0.258823529412 0.18431372549 0.141176470588 -0.509517944665 -0.0331616909791 0.859820775695 0.367225471164 0.723003646415 0.525292897023 0.448701570766 0.628318530718 13.0
-0.5145 0.0945 0.893932 0.258823529412 0.18431372549 0.141176470588 -0.509517944665 -0.0331616909791 0.859820775695 0.367225471164 -0.860293937467 1.05355621685e-16 -0.509798333812 3.14159265359 13.0
-0.5145 0.0945 0.893932 0.258823529412 0.18431372549 0.141176470588 -0.509517944665 -0.0331616909791 0.859820775695 0.367225471164 0.273448318934 0.941215287324 0.198342632278 1.28805298797 13.0
-0.509807 0.1365 0.9015 0.23137254902 0.109803921569 0.0627450980392 -0.431298979915 -0.24353778571 0.868717754426 0.113414707056 -0.815348597105 0.517435953948 -0.259743524965 2.57610597594 14.0
-0.509807 0.1365 0.9015 0.23137254902 0.109803921569 0.0627450980392 -0.431298979915 -0.24353778571 0.868717754426 0.113414707056 -0.9007042214 0.171818519414 -0.399011656394 2.95309709437 14.0
-0.509807 0.1365 0.9015 0.23137254902 0.109803921569 0.0627450980392 -0.431298979915 -0.24353778571 0.868717754426 0.113414707056 -0.0916659585138 0.969724549588 0.226344096404 1.6650441064 14.0
-0.509649 0.1575 0.9045 0.321568627451 0.23137254902 0.2 -0.250401102319 0.0674896126904 0.965786953803 0.0868946552656 0.830760224515 0.52721647011 0.17855039347 0.565486677646 15.0
-0.509649 0.1575 0.9045 0.321568627451 0.23137254902 0.2 -0.250401102319 0.0674896126904 0.965786953803 0.0868946552656 -0.667357898666 0.710663980865 -0.22268844018 2.32477856366 15.0
-0.5095 0.1665 0.901811 0.403921568627 0.266666666667 0.266666666667 -0.0608374534258 0.543652287573 0.837102738305 0.205828535023 -0.820090352369 0.450848486433 -0.352402406678 2.63893782902 16.0
-0.5095 0.1665 0.901811 0.403921568627 0.266666666667 0.266666666667 -0.0608374534258 0.543652287573 0.837102738305 0.205828535023 0.998145469249 0.0313679850665 0.052169643774 0.0314159265359 16.0
-0.5095 0.1665 0.901811 0.403921568627 0.266666666667 0.266666666667 -0.0608374534258 0.543652287573 0.837102738305 0.205828535023 0.702357684645 0.619211593273 -0.351099253171 0.722566310326 16.0
-0.5055 0.0935 0.898023 0.294117647059 0.16862745098 0.137254901961 -0.524751773265 -0.0790452921924 0.847577381858 0.0619898154156 -0.848090429818 0.134324328071 -0.512542288733 2.98451302091 17.0
-0.5055 0.0935 0.898023 0.294117647059 0.16862745098 0.137254901961 -0.524751773265 -0.0790452921924 0.847577381858 0.0619898154156 0.775915500529 0.365118119788 0.514435510672 0.439822971503 17.0
-0.5055 0.0935 0.898023 0.294117647059 0.16862745098 0.137254901961 -0.524751773265 -0.0790452921924 0.847577381858 0.0619898154156 0.678973709807 0.561695902176 0.47274984386 0.69115038379 17.0
-0.5055 0.1225 0.902046 0.411764705882 0.23137254902 0.192156862745 -0.405315305491 0.0101209629198 0.914120927036 0.105309791749 -0.889090649322 0.228279679157 -0.396744508938 2.8902652413 18.0
-0.5055 0.1225 0.902046 0.411764705882 0.23137254902 0.192156862745 -0.405315305491 0.0101209629198 0.914120927036 0.105309791749 0.730698608892 0.604486460097 0.317294283785 0.69115038379 18.0
-0.5055 0.1225 0.902046 0.411764705882 0.23137254902 0.192156862745 -0.405315305491 0.0101209629198 0.914120927036 0.105309791749 -0.87525089548 0.284386255087 -0.391229252332 2.82743338823 18.0
-0.504698 0.0715 0.8955 0.254901960784 0.16862745098 0.137254901961 -0.470373765499 -0.167145255127 0.866493499352 0.0663201214621 -0.308978876592 0.950939201822 0.0157063127033 1.88495559215 19.0
-0.504698 0.0715 0.8955 0.254901960784 0.16862745098 0.137254901961 -0.470373765499 -0.167145255127 0.866493499352 0.0663201214621 0.1508178373 0.952226348691 0.265554063819 1.41371669412 19.0
-0.5045 0.1125 0.90267 0.43137254902 0.309803921569 0.266666666667 -0.420001793517 -0.0632159796579 0.905318857287 0.0954271152203 0.845636554239 0.334811197087 0.415692531133 0.376991118431 20.0
-0.5045 0.1125 0.90267 0.43137254902 0.309803921569 0.266666666667 -0.420001793517 -0.0632159796579 0.905318857287 0.0954271152203 -0.156433447667 0.987681917158 -0.00360651783241 1.72787595947 20.0
-0.5045 0.1125 0.90267 0.43137254902 0.309803921569 0.266666666667 -0.420001793517 -0.0632159796579 0.905318857287 0.0954271152203 0.0312995695663 0.995968452731 0.084066510036 1.53938040026 20.0
-0.5035 0.1625 0.904679 0.329411764706 0.176470588235 0.156862745098 -0.0455354019624 0.590403554622 0.805822666508 0.229977917102 -0.449487630854 0.708279172401 -0.544335818821 2.13628300444 21.0
-0.5035 0.1625 0.904679 0.329411764706 0.176470588235 0.156862745098 -0.0455354019624 0.590403554622 0.805822666508 0.229977917102 0.384609114255 0.754837888149 -0.531314964824 1.09955742876 21.0
-0.5035 0.1625 0.904679 0.329411764706 0.176470588235 0.156862745098 -0.0455354019624 0.590403554622 0.805822666508 0.229977917102 0.436137928643 0.737468962521 -0.515677453955 1.03672557568 21.0
-0.5025 0.0455 0.8894 0.211764705882 0.129411764706 0.078431372549 -0.529062782972 -0.266274052168 0.805723712457 0.0355519706352 -0.0300048479879 0.95476974409 0.29582840443 1.60221225333 22.0
-0.5025 0.0455 0.8894 0.211764705882 0.129411764706 0.078431372549 -0.529062782972 -0.266274052168 0.805723712457 0.0355519706352 -0.839589429698 0.0263851607849 -0.542580328458 3.11017672705 22.0
-0.5025 0.0455 0.8894 0.211764705882 0.129411764706 0.078431372549 -0.529062782972 -0.266274052168 0.805723712457 0.0355519706352 -0.766659200792 0.557010513862 -0.319332048639 2.51327412287 22.0
-0.5025 0.1535 0.906372 0.254901960784 0.129411764706 0.101960784314 -0.140685743498 -0.0190921423931 0.989870199408 0.154965937733 -0.125333123978 0.992113833851 0.00132239040541 1.69646003294 23.0
-0.5025 0.1535 0.906372 0.254901960784 0.129411764706 0.101960784314 -0.140685743498 -0.0190921423931 0.989870199408 0.154965937733 0.367219466461 0.927490499031 0.0700802230263 1.19380520836 23.0
-0.5025 0.1535 0.906372 0.254901960784 0.129411764706 0.101960784314 -0.140685743498 -0.0190921423931 0.989870199408 0.154965937733 0.0314019097677 0.999224970742 0.0237355831715 1.53938040026 23.0
-0.5015 0.0605 0.895308 0.227450980392 0.149019607843 0.109803921569 -0.472464075857 -0.168460336497 0.86510046356 0.0894175214787 -0.880240995217 0.139416477378 -0.453584431142 2.98451302091 24.0
-0.5015 0.0605 0.895308 0.227450980392 0.149019607843 0.109803921569 -0.472464075857 -0.168460336497 0.86510046356 0.0894175214787 0.875049100779 0.027499525842 0.483252363992 0.0314159265359 24.0
-0.5015 0.0605 0.895308 0.227450980392 0.149019607843 0.109803921569 -0.472464075857 -0.168460336497 0.86510046356 0.0894175214787 -0.479707502515 0.872584707745 -0.0920686691585 2.07345115137 24.0
-0.5015 0.1425 0.906998 0.176470588235 0.0901960784314 0.0666666666667 -0.300522792534 -0.119513679892 0.946257117007 0.229487385679 0.0311233469257 0.990360957387 0.134968556932 1.53938040026 25.0
-0.5015 0.1425 0.906998 0.176470588235 0.0901960784314 0.0666666666667 -0.300522792534 -0.119513679892 0.946257117007 0.229487385679 0.610582252667 0.73806715632 0.287134438007 0.879645943005 25.0
-0.5015 0.1425 0.906998 0.176470588235 0.0901960784314 0.0666666666667 -0.300522792534 -0.119513679892 0.946257117007 0.229487385679 -0.795843896837 0.578214436705 -0.179723557314 2.51327412287 25.0
-0.5005 0.0355 0.888184 0.219607843137 0.137254901961 0.0941176470588 -0.438922116151 -0.240417138327 0.865763810489 0.0703550233039 -0.535456684732 0.843744725073 -0.0371615081385 2.13628300444 26.0
-0.5005 0.0355 0.888184 0.219607843137 0.137254901961 0.0941176470588 -0.438922116151 -0.240417138327 0.865763810489 0.0703550233039 -0.367185540507 0.927404811853 0.0713799257122 1.94778744523 26.0
-0.5005 0.0355 0.888184 0.219607843137 0.137254901961 0.0941176470588 -0.438922116151 -0.240417138327 0.865763810489 0.0703550233039 -0.717504258572 0.67378134699 -0.17665314993 2.38761041673 26.0
-0.5005 0.0495 0.891849 0.203921568627 0.129411764706 0.078431372549 -0.525631097099 -0.243214112677 0.815204787251 0.0946367211482 -0.122528598004 0.969913724828 0.210366606336 1.69646003294 27.0
-0.5005 0.0495 0.891849 0.203921568627 0.129411764706 0.078431372549 -0.525631097099 -0.243214112677 0.815204787251 0.0946367211482 0.0594800953503 0.945409042863 0.320412015896 1.50796447372 27.0
-0.5005 0.0495 0.891849 0.203921568627 0.129411764706 0.078431372549 -0.525631097099 -0.243214112677 0.815204787251 0.0946367211482 -0.704507674349 0.661576742043 -0.256875750454 2.38761041673 27.0
-0.4995 0.1295 0.905868 0.349019607843 0.18431372549 0.137254901961 -0.428640645164 -0.154110675365 0.890234293347 0.092089679677 0.782117262478 0.429972603608 0.451016793347 0.502654824574 28.0
-0.4995 0.1295 0.905868 0.349019607843 0.18431372549 0.137254901961 -0.428640645164 -0.154110675365 0.890234293347 0.092089679677 0.887590126052 0.112128708939 0.446778379924 0.125663706144 28.0
-0.4985 0.0245 0.886393 0.203921568627 0.137254901961 0.0901960784314 -0.463051037026 -0.25933564235 0.847542778694 0.22344371121 -0.82109139395 0.48559209673 -0.300015396896 2.60752190248 29.0
-0.4985 0.0245 0.886393 0.203921568627 0.137254901961 0.0901960784314 -0.463051037026 -0.25933564235 0.847542778694 0.22344371121 -0.561265130811 0.825876560317 -0.0539384839875 2.16769893098 29.0
-0.4985 0.0245 0.886393 0.203921568627 0.137254901961 0.0901960784314 -0.463051037026 -0.25933564235 0.847542778694 0.22344371121 0.873677186146 0.0274564116878 0.485730707147 0.0314159265359 29.0
-0.4985 0.0375 0.88981 0.203921568627 0.121568627451 0.078431372549 -0.430240219817 -0.265494001897 0.862789828527 0.0667029071186 -0.901685834424 0.172005772113 -0.396707285487 2.95309709437 30.0
-0.4985 0.0375 0.88981 0.203921568627 0.121568627451 0.078431372549 -0.430240219817 -0.265494001897 0.862789828527 0.0667029071186 -0.152588888658 0.963408326886 0.220365665985 1.72787595947 30.0
-0.4985 0.0375 0.88981 0.203921568627 0.121568627451 0.078431372549 -0.430240219817 -0.265494001897 0.862789828527 0.0667029071186 0.229118734161 0.892358552803 0.38884549489 1.31946891451 30.0
-0.4985 0.1105 0.904781 0.403921568627 0.247058823529 0.203921568627 -0.368212627983 -0.0396642797487 0.928895153128 0.0230880906817 0.846699024344 0.398426317794 0.352643207029 0.439822971503 31.0
-0.4985 0.1105 0.904781 0.403921568627 0.247058823529 0.203921568627 -0.368212627983 -0.0396642797487 0.928895153128 0.0230880906817 -0.248283744219 0.967001338791 -0.0571278665266 1.82212373908 31.0
-0.4985 0.1105 0.904781 0.403921568627 0.247058823529 0.203921568627 -0.368212627983 -0.0396642797487 0.928895153128 0.0230880906817 -0.928890223313 0.0584408193149 -0.365715222094 3.07876080052 31.0
-0.4975 0.103585 0.9045 0.356862745098 0.219607843137 0.16862745098 -0.381793545015 -0.121778260542 0.916189797064 0.0336814011008 -0.0311878882806 0.992414696598 0.118913353335 1.60221225333 32.0
-0.4975 0.103585 0.9045 0.356862745098 0.219607843137 0.16862745098 -0.381793545015 -0.121778260542 0.916189797064 0.0336814011008 0.483896865079 0.818224913772 0.310405886622 1.03672557568 32.0
-0.4975 0.103585 0.9045 0.356862745098 0.219607843137 0.16862745098 -0.381793545015 -0.121778260542 0.916189797064 0.0336814011008 -0.871614890618 0.377181444329 -0.313084078973 2.73318560862 32.0
-0.496463 0.1615 0.9075 0.392156862745 0.239215686275 0.247058823529 0.328278930105 0.440393836162 0.835635215342 0.687534023234 0.838070246407 0.272305529884 -0.47274513269 0.314159265359 33.0
-0.496463 0.1615 0.9075 0.392156862745 0.239215686275 0.247058823529 0.328278930105 0.440393836162 0.835635215342 0.687534023234 -0.944136828569 0.18010373234 0.275986040474 2.95309709437 33.0
-0.496463 0.1615 0.9075 0.392156862745 0.239215686275 0.247058823529 0.328278930105 0.440393836162 0.835635215342 0.687534023234 -0.939786570477 0.241296179358 0.24202759301 2.8902652413 33.0
-0.4955 0.0285 0.888459 0.203921568627 0.129411764706 0.0823529411765 -0.311653992165 -0.214752688954 0.925609567666 0.0911470027968 -0.453333313206 0.889716722992 0.0537871728713 2.04203522483 34.0
-0.4955 0.0285 0.888459 0.203921568627 0.129411764706 0.0823529411765 -0.311653992165 -0.214752688954 0.925609567666 0.0911470027968 0.825751140602 0.420741221086 0.375648610636 0.471238898038 34.0
-0.4955 0.0285 0.888459 0.203921568627 0.129411764706 0.0823529411765 -0.311653992165 -0.214752688954 0.925609567666 0.0911470027968 0.912511818149 0.203970557313 0.354567614833 0.219911485751 34.0
-0.4955 0.0935 0.903413 0.313725490196 0.18431372549 0.149019607843 -0.43545042993 -0.1555276757 0.886675851236 0.0644798969988 -0.838884867873 0.427433189378 -0.337006004505 2.67035375555 35.0
-0.4955 0.0935 0.903413 0.313725490196 0.18431372549 0.149019607843 -0.43545042993 -0.1555276757 0.886675851236 0.0644798969988 -0.84869095113 0.39936364739 -0.346745362785 2.70176968209 35.0
-0.4955 0.0935 0.903413 0.313725490196 0.18431372549 0.149019607843 -0.43545042993 -0.1555276757 0.886675851236 0.0644798969988 -0.278853435471 0.959819820473 0.0314113634276 1.85353966562 35.0
-0.4925 0.169871 0.8955 0.38431372549 0.176470588235 0.16862745098 0.17291404854 0.482137702718 0.858862018857 0.176630083436 0.510106088662 0.702100797958 -0.49683623843 0.942477796077 36.0
-0.4925 0.169871 0.8955 0.38431372549 0.176470588235 0.16862745098 0.17291404854 0.482137702718 0.858862018857 0.176630083436 0.366122353055 0.778049604853 -0.510483334676 1.13097335529 36.0
-0.4925 0.169871 0.8955 0.38431372549 0.176470588235 0.16862745098 0.17291404854 0.482137702718 0.858862018857 0.176630083436 0.782257183416 0.462625608642 -0.417194493279 0.53407075111 36.0
-0.4915 0.0755 0.902372 0.203921568627 0.121568627451 0.109803921569 -0.242858565061 -0.190266797159 0.951219356024 0.0887884213864 -0.637400301984 0.770484609187 -0.00862102290801 2.26194671058 37.0
-0.4915 0.0755 0.902372 0.203921568627 0.121568627451 0.109803921569 -0.242858565061 -0.190266797159 0.951219356024 0.0887884213864 -0.805833126517 0.58547203689 -0.0886310680764 2.51327412287 37.0
-0.4915 0.0755 0.902372 0.203921568627 0.121568627451 0.109803921569 -0.242858565061 -0.190266797159 0.951219356024 0.0887884213864 -0.185345001237 0.971612522327 0.147024953577 1.75929188601 37.0
-0.4915 0.1355 0.908615 0.36862745098 0.2 0.164705882353 -0.192358157249 9.13337581927e-05 0.981324783646 0.0563731519146 -0.977128140757 0.09236580393 -0.191544132789 3.04734487398 38.0
-0.4915 0.1355 0.908615 0.36862745098 0.2 0.164705882353 -0.192358157249 9.13337581927e-05 0.981324783646 0.0563731519146 0.558707131807 0.822112579085 0.109440614845 0.973893722613 38.0
-0.4915 0.1355 0.908615 0.36862745098 0.2 0.164705882353 -0.192358157249 9.13337581927e-05 0.981324783646 0.0563731519146 0.424307028876 0.901698334992 0.0830882538009 1.13097335529 38.0
-0.490872 0.1175 0.9075 0.294117647059 0.176470588235 0.149019607843 -0.302305203263 0.0455415514882 0.952122645024 0.0204112673881 -0.953111550408 1.16722500944e-16 -0.302619187228 3.14159265359 39.0
-0.490872 0.1175 0.9075 0.294117647059 0.176470588235 0.149019607843 -0.302305203263 0.0455415514882 0.952122645024 0.0204112673881 -0.89742669213 0.323093489946 -0.300392957652 2.79601746169 39.0
-0.490872 0.1175 0.9075 0.294117647059 0.176470588235 0.149019607843 -0.302305203263 0.0455415514882 0.952122645024 0.0204112673881 0.805018256065 0.547089841879 0.229430408435 0.596902604182 39.0
-0.4905 0.0115 0.884469 0.18431372549 0.109803921569 0.0627450980392 -0.218138243567 -0.36872494165 0.903580446944 0.11869233848 0.435342998509 0.791885974539 0.428244179152 1.06814150222 40.0
-0.4905 0.0115 0.884469 0.18431372549 0.109803921569 0.0627450980392 -0.218138243567 -0.36872494165 0.903580446944 0.11869233848 -0.117368751991 0.929069337906 0.350791592571 1.69646003294 40.0
-0.4905 0.0115 0.884469 0.18431372549 0.109803921569 0.0627450980392 -0.218138243567 -0.36872494165 0.903580446944 0.11869233848 0.577259253315 0.69778656961 0.424105715281 0.879645943005 40.0
-0.4905 0.0405 0.893658 0.176470588235 0.113725490196 0.078431372549 -0.323180602505 -0.275674361697 0.905294396574 0.104297680467 0.849774504506 0.336449527497 0.405814005351 0.376991118431 41.0
-0.4905 0.0405 0.893658 0.176470588235 0.113725490196 0.078431372549 -0.323180602505 -0.275674361697 0.905294396574 0.104297680467 -0.935087856471 0.240089754652 -0.260705984571 2.8902652413 41.0
-0.4905 0.0405 0.893658 0.176470588235 0.113725490196 0.078431372549 -0.323180602505 -0.275674361697 0.905294396574 0.104297680467 0.39150027906 0.831980442824 0.393110765883 1.13097335529 41.0
-0.4905 0.0575 0.898076 0.211764705882 0.121568627451 0.101960784314 -0.212503011475 -0.205877621145 0.955226085922 0.0709909543283 -0.452120706807 0.887336848935 0.0906652248533 2.04203522483 42.0
-0.4905 0.0575 0.898076 0.211764705882 0.121568627451 0.101960784314 -0.212503011475 -0.205877621145 0.955226085922 0.0709909543283 -0.770067522421 0.637055257804 -0.0340089608296 2.4504422698 42.0
-0.4905 0.0575 0.898076 0.211764705882 0.121568627451 0.101960784314 -0.212503011475 -0.205877621145 0.955226085922 0.0709909543283 0.513062351244 0.808456902003 0.288382491387 1.00530964915 42.0
-0.4905 0.1025 0.906906 0.274509803922 0.164705882353 0.137254901961 -0.315763209433 -0.142447546846 0.938084373586 0.0522265942638 0.935542637557 0.118186519912 0.332854202052 0.125663706144 43.0
-0.4905 0.1025 0.906906 0.274509803922 0.164705882353 0.137254901961 -0.315763209433 -0.142447546846 0.938084373586 0.0522265942638 0.939844968074 0.0888415064768 0.329846362285 0.0942477796077 43.0
-0.4905 0.1025 0.906906 0.274509803922 0.164705882353 0.137254901961 -0.315763209433 -0.142447546846 0.938084373586 0.0522265942638 -0.27861596654 0.959002447053 0.0518406185812 1.85353966562 43.0
-0.4905 0.1465 0.909374 0.266666666667 0.149019607843 0.129411764706 0.158322253701 0.144314793397 0.97678416469 0.344520355431 -0.984911110403 0.0931015111707 0.145884245974 3.04734487398 44.0
-0.4905 0.1465 0.909374 0.266666666667 0.149019607843 0.129411764706 0.158322253701 0.144314793397 0.97678416469 0.344520355431 -0.789599470007 0.61247613082 0.0374922144079 2.48185819634 44.0
-0.4905 0.1465 0.909374 0.266666666667 0.149019607843 0.129411764706 0.158322253701 0.144314793397 0.97678416469 0.344520355431 0.771922378884 0.598764373421 -0.213581520968 0.659734457254 44.0
-0.4895 0.0345 0.892396 0.156862745098 0.109803921569 0.0666666666667 -0.256991593441 -0.275924168596 0.926186360343 0.10492726158 0.0598938171119 0.951984961955 0.300228850851 1.50796447372 45.0
-0.4895 0.0345 0.892396 0.156862745098 0.109803921569 0.0666666666667 -0.256991593441 -0.275924168596 0.926186360343 0.10492726158 -0.505697937933 0.855088514766 0.114425641729 2.10486707791 45.0
-0.4895 0.0345 0.892396 0.156862745098 0.109803921569 0.0666666666667 -0.256991593441 -0.275924168596 0.926186360343 0.10492726158 -0.303155808122 0.933017639855 0.193841790442 1.88495559215 45.0
-0.4885 0.0905 0.905905 0.239215686275 0.137254901961 0.101960784314 -0.208415070944 -0.105466966558 0.972337326841 0.0795846538292 -0.804196725092 0.584283121662 -0.108999362808 2.51327412287 46.0
-0.4885 0.0905 0.905905 0.239215686275 0.137254901961 0.101960784314 -0.208415070944 -0.105466966558 0.972337326841 0.0795846538292 0.622509966845 0.752485285976 0.215051704406 0.879645943005 46.0
-0.4885 0.0905 0.905905 0.239215686275 0.137254901961 0.101960784314 -0.208415070944 -0.105466966558 0.972337326841 0.0795846538292 -0.918190170386 0.363537205859 -0.157376970876 2.76460153516 46.0
-0.487851 0.1595 0.9045 0.356862745098 0.164705882353 0.149019607843 0.0695062331535 0.588757761269 0.805315579197 0.242792325996 -0.387190354446 0.759903857265 -0.522139595451 2.04203522483 47.0
-0.487851 0.1595 0.9045 0.356862745098 0.164705882353 0.149019607843 0.0695062331535 0.588757761269 0.805315579197 0.242792325996 -0.335009880151 0.774162155733 -0.537067348506 1.97920337176 47.0
-0.487851 0.1595 0.9045 0.356862745098 0.164705882353 0.149019607843 0.0695062331535 0.588757761269 0.805315579197 0.242792325996 -0.863376867189 0.439912486338 -0.247097935171 2.67035375555 47.0
-0.4855 0.0245 0.889697 0.176470588235 0.101960784314 0.0666666666667 -0.158574049805 -0.306645951496 0.938521460149 0.0190496781243 0.971213054002 0.122692741451 0.204185442505 0.125663706144 48.0
-0.4855 0.0245 0.889697 0.176470588235 0.101960784314 0.0666666666667 -0.158574049805 -0.306645951496 0.938521460149 0.0190496781243 0.80468653133 0.510669601256 0.302813712782 0.565486677646 48.0
-0.4855 0.0245 0.889697 0.176470588235 0.101960784314 0.0666666666667 -0.158574049805 -0.306645951496 0.938521460149 0.0190496781243 -0.826284514559 0.561542376228 0.0438641163218 2.54469004941 48.0
-0.4855 0.0825 0.904782 0.23137254902 0.121568627451 0.0941176470588 -0.165676221275 -0.274411675377 0.947232612467 0.0497267331893 0.808070362775 0.512817045991 0.289898199626 0.565486677646 49.0
-0.4855 0.0825 0.904782 0.23137254902 0.121568627451 0.0941176470588 -0.165676221275 -0.274411675377 0.947232612467 0.0497267331893 0.950270989574 0.212410732099 0.227742677737 0.219911485751 49.0
-0.4855 0.0825 0.904782 0.23137254902 0.121568627451 0.0941176470588 -0.165676221275 -0.274411675377 0.947232612467 0.0497267331893 5.88140679167e-17 0.960506620482 0.278257132902 1.57079632679 49.0
-0.4835 0.1605 0.904862 0.313725490196 0.121568627451 0.113725490196 0.134026248269 0.289756193574 0.947669938882 0.305892422969 -0.724891596385 0.680718518948 -0.10561473122 2.38761041673 50.0
-0.4835 0.1605 0.904862 0.313725490196 0.121568627451 0.113725490196 0.134026248269 0.289756193574 0.947669938882 0.305892422969 5.85563560642e-17 0.956297866534 -0.292394238079 1.57079632679 50.0
-0.4835 0.1605 0.904862 0.313725490196 0.121568627451 0.113725490196 0.134026248269 0.289756193574 0.947669938882 0.305892422969 -0.890933564492 0.453953324918 -0.0127969706385 2.67035375555 50.0
-0.4785 0.0825 0.904523 0.18431372549 0.101960784314 0.0823529411765 0.124042479944 -0.263700960719 0.956595665099 0.0933547279184 -0.950828149732 0.244131175061 0.190593281728 2.8902652413 51.0
-0.4785 0.0825 0.904523 0.18431372549 0.101960784314 0.0823529411765 0.124042479944 -0.263700960719 0.956595665099 0.0933547279184 -0.990087421146 0.0311147507031 0.136962661983 3.11017672705 51.0
-0.4785 0.0825 0.904523 0.18431372549 0.101960784314 0.0823529411765 0.124042479944 -0.263700960719 0.956595665099 0.0933547279184 -0.866268144723 0.441385665823 0.234004691073 2.67035375555 51.0
-0.4775 0.0125 0.886333 0.23137254902 0.101960784314 0.0627450980392 -0.238705467948 -0.372884926466 0.896647383973 0.0114021985157 0.25214047234 0.867873198288 0.428043565425 1.28805298797 52.0
-0.4775 0.0125 0.886333 0.23137254902 0.101960784314 0.0627450980392 -0.238705467948 -0.372884926466 0.896647383973 0.0114021985157 0.770648817973 0.489068611515 0.408549008794 0.565486677646 52.0
-0.4775 0.0125 0.886333 0.23137254902 0.101960784314 0.0627450980392 -0.238705467948 -0.372884926466 0.896647383973 0.0114021985157 0.930164266629 0.177438323599 0.321418851974 0.188495559215 52.0
-0.4765 0.0545 0.898775 0.211764705882 0.129411764706 0.0941176470588 0.0699883610529 -0.159359689839 0.984736573187 0.0313473587703 -0.944547208388 0.306901992027 0.116797852791 2.82743338823 53.0
-0.4765 0.0545 0.898775 0.211764705882 0.129411764706 0.0941176470588 0.0699883610529 -0.159359689839 0.984736573187 0.0313473587703 -0.447083348735 0.877450477062 0.173773241865 2.04203522483 53.0
-0.4765 0.0545 0.898775 0.211764705882 0.129411764706 0.0941176470588 0.0699883610529 -0.159359689839 0.984736573187 0.0313473587703 0.769612660029 0.636678962907 0.0483347878316 0.69115038379 53.0
-0.4765 0.0995 0.909055 0.203921568627 0.101960784314 0.078431372549 -0.130319729819 -0.133160056814 0.982489270827 0.157162788905 0.976441849385 0.154653195824 0.150478250224 0.157079632679 54.0
-0.4765 0.0995 0.909055 0.203921568627 0.101960784314 0.078431372549 -0.130319729819 -0.133160056814 0.982489270827 0.157162788905 -0.0622906783597 0.990081980544 0.1259267374 1.63362817987 54.0
-0.4765 0.0995 0.909055 0.203921568627 0.101960784314 0.078431372549 -0.130319729819 -0.133160056814 0.982489270827 0.157162788905 -0.991317402273 1.21401368363e-16 -0.131490714316 3.14159265359 54.0
-0.4765 0.1135 0.910295 0.294117647059 0.203921568627 0.18431372549 -0.051902261954 0.0189101708717 0.998473114631 0.0953447606745 0.0940991405545 0.995464926896 -0.0139617716466 1.47654854719 55.0
-0.4765 0.1135 0.910295 0.294117647059 0.203921568627 0.18431372549 -0.051902261954 0.0189101708717 0.998473114631 0.0953447606745 0.453980236176 0.890986380809 0.00672416346126 1.09955742876 55.0
-0.4765 0.1135 0.910295 0.294117647059 0.203921568627 0.18431372549 -0.051902261954 0.0189101708717 0.998473114631 0.0953447606745 0.36812412373 0.929775402471 0.00152659390225 1.19380520836 55.0
-0.4765 0.1405 0.909788 0.403921568627 0.219607843137 0.176470588235 0.0442616973868 0.238594373291 0.970110110853 0.169195340378 0.714588935574 0.67104367647 -0.197643713343 0.753982236862 56.0
-0.4765 0.1405 0.909788 0.403921568627 0.219607843137 0.176470588235 0.0442616973868 0.238594373291 0.970110110853 0.169195340378 0.832343350365 0.528221152324 -0.167889729703 0.565486677646 56.0
-0.4765 0.1405 0.909788 0.403921568627 0.219607843137 0.176470588235 0.0442616973868 0.238594373291 0.970110110853 0.169195340378 -0.091498079861 0.967948578948 -0.233888114051 1.6650441064 56.0
-0.4765 0.1585 0.90378 0.403921568627 0.2 0.211764705882 0.0509525129797 0.473398840344 0.879373287849 0.442849917373 -0.0553964330456 0.880501089234 -0.470796205447 1.63362817987 57.0
-0.4765 0.1585 0.90378 0.403921568627 0.2 0.211764705882 0.0509525129797 0.473398840344 0.879373287849 0.442849917373 0.760390409347 0.552455970278 -0.341465702929 0.628318530718 57.0
-0.4765 0.1585 0.90378 0.403921568627 0.2 0.211764705882 0.0509525129797 0.473398840344 0.879373287849 0.442849917373 -0.693012991707 0.650782516557 -0.310185604871 2.38761041673 57.0
-0.4755 0.0265 0.891442 0.219607843137 0.109803921569 0.0666666666667 -0.0498291219746 -0.292814758612 0.954869926085 0.071597541361 0.789711358496 0.573758886795 0.21715595798 0.628318530718 58.0
-0.4755 0.0265 0.891442 0.219607843137 0.109803921569 0.0666666666667 -0.0498291219746 -0.292814758612 0.954869926085 0.071597541361 -0.624680515356 0.755109028412 0.198958812185 2.26194671058 58.0
-0.4755 0.0265 0.891442 0.219607843137 0.109803921569 0.0666666666667 -0.0498291219746 -0.292814758612 0.954869926085 0.071597541361 -0.355761782163 0.898551691866 0.256979398778 1.94778744523 58.0
-0.4755 0.0645 0.900898 0.2 0.121568627451 0.0941176470588 0.0572676584952 -0.229399237027 0.971646234667 0.256684859574 0.997062123675 0.0627298317422 -0.0439555428023 0.0628318530718 59.0
-0.4755 0.0645 0.900898 0.2 0.121568627451 0.0941176470588 0.0572676584952 -0.229399237027 0.971646234667 0.256684859574 -0.907884553728 0.392876729098 0.146265214032 2.73318560862 59.0
-0.4755 0.0645 0.900898 0.2 0.121568627451 0.0941176470588 0.0572676584952 -0.229399237027 0.971646234667 0.256684859574 0.55483754808 0.816418659539 0.160049578562 0.973893722613 59.0
-0.4755 0.1155 0.909878 0.313725490196 0.227450980392 0.2 0.00777322932733 0.0308972175852 0.999492340567 0.0727364670254 -0.917742505132 0.397142645604 -0.00513938883698 2.73318560862 60.0
-0.4755 0.1155 0.909878 0.313725490196 0.227450980392 0.2 0.00777322932733 0.0308972175852 0.999492340567 0.0727364670254 -0.15636728763 0.987264199123 -0.0293031139906 1.72787595947 60.0
-0.4755 0.1155 0.909878 0.313725490196 0.227450980392 0.2 0.00777322932733 0.0308972175852 0.999492340567 0.0727364670254 -0.0313960122381 0.999037308308 -0.0306389788541 1.60221225333 60.0
-0.4755 0.146243 0.9075 0.337254901961 0.137254901961 0.121568627451 -0.158878767745 0.0404418617203 0.986469458717 0.212076579927 0.897473551319 0.422318996583 0.127231638391 0.439822971503 61.0
-0.4755 0.146243 0.9075 0.337254901961 0.137254901961 0.121568627451 -0.158878767745 0.0404418617203 0.986469458717 0.212076579927 -0.974435330104 0.154335394391 -0.163267796838 2.98451302091 61.0
-0.4755 0.146243 0.9075 0.337254901961 0.137254901961 0.121568627451 -0.158878767745 0.0404418617203 0.986469458717 0.212076579927 0.950593194137 0.276172852723 0.141778470438 0.282743338823 61.0
-0.4745 0.0185 0.889693 0.219607843137 0.101960784314 0.0549019607843 -0.143069277809 -0.264943622729 0.953591138026 0.0422259419327 -0.988931695938 1.21109203601e-16 -0.148371495811 3.14159265359 62.0
-0.4745 0.0185 0.889693 0.219607843137 0.101960784314 0.0549019607843 -0.143069277809 -0.264943622729 0.953591138026 0.0422259419327 0.406075618945 0.862954616739 0.300685751486 1.13097335529 62.0
-0.4745 0.0185 0.889693 0.219607843137 0.101960784314 0.0549019607843 -0.143069277809 -0.264943622729 0.953591138026 0.0422259419327 0.58517542321 0.754403609834 0.297396902373 0.911061869541 62.0
-0.4745 0.0735 0.902101 0.211764705882 0.129411764706 0.113725490196 0.245813829689 -0.185837908583 0.951335814982 0.151628095102 -0.673301763768 0.673301763768 0.305498723096 2.35619449019 63.0
-0.4745 0.0735 0.902101 0.211764705882 0.129411764706 0.113725490196 0.245813829689 -0.185837908583 0.951335814982 0.151628095102 0.337179059197 0.936550865823 0.0958267069509 1.2252211349 63.0
-0.4745 0.0735 0.902101 0.211764705882 0.129411764706 0.113725490196 0.245813829689 -0.185837908583 0.951335814982 0.151628095102 -0.561441130297 0.772757421151 0.296023352571 2.19911485751 63.0
-0.4725 0.1615 0.902437 0.6 0.349019607843 0.337254901961 -0.0394099001056 0.500842481165 0.864640774446 0.117536617364 0.637533873512 0.678904619833 -0.364196481717 0.816814089933 64.0
-0.4725 0.1615 0.902437 0.6 0.349019607843 0.337254901961 -0.0394099001056 0.500842481165 0.864640774446 0.117536617364 -0.135364855188 0.854660059476 -0.501231023298 1.72787595947 64.0
-0.4725 0.1615 0.902437 0.6 0.349019607843 0.337254901961 -0.0394099001056 0.500842481165 0.864640774446 0.117536617364 -0.885607015766 0.383236377567 -0.262354898059 2.73318560862 64.0
-0.4695 0.0855471 0.9045 0.156862745098 0.0666666666667 0.0392156862745 0.222357507322 -0.273742589237 0.935746832095 0.0789701246183 0.212421633932 0.950319761572 0.22752889971 1.35088484104 65.0
-0.4695 0.0855471 0.9045 0.156862745098 0.0666666666667 0.0392156862745 0.222357507322 -0.273742589237 0.935746832095 0.0789701246183 -0.263555816409 0.907165070292 0.328008943292 1.85353966562 65.0
-0.4695 0.0855471 0.9045 0.156862745098 0.0666666666667 0.0392156862745 0.222357507322 -0.273742589237 0.935746832095 0.0789701246183 0.874328803091 0.480666327045 -0.0671492824287 0.502654824574 65.0
-0.4645 0.0195 0.889941 0.294117647059 0.156862745098 0.121568627451 -0.00701649717543 -0.013432839419 0.999885157202 0.0745352319825 0.917691002202 0.397120358296 0.0117747825768 0.408407044967 66.0
-0.4645 0.0195 0.889941 0.294117647059 0.156862745098 0.121568627451 -0.00701649717543 -0.013432839419 0.999885157202 0.0745352319825 0.77043806328 0.637361795861 0.0139689593848 0.69115038379 66.0
-0.4645 0.0195 0.889941 0.294117647059 0.156862745098 0.121568627451 -0.00701649717543 -0.013432839419 0.999885157202 0.0745352319825 0.39710252332 0.917649788005 0.0151146467867 1.16238928183 66.0
-0.4645 0.0315 0.892317 0.258823529412 0.149019607843 0.121568627451 0.420022202102 -0.254484949169 0.871102037873 0.248536967107 -0.620225759492 0.620225759492 0.480249950053 2.35619449019 67.0
-0.4645 0.0315 0.892317 0.258823529412 0.149019607843 0.121568627451 0.420022202102 -0.254484949169 0.871102037873 0.248536967107 -0.735533968026 0.466784050109 0.491021824815 2.57610597594 67.0
-0.4645 0.0315 0.892317 0.258823529412 0.149019607843 0.121568627451 0.420022202102 -0.254484949169 0.871102037873 0.248536967107 0.336650239246 0.935082011902 0.11085236774 1.2252211349 67.0
-0.4645 0.0945 0.906655 0.203921568627 0.101960784314 0.0666666666667 0.34867225258 -0.380476482724 0.856542647143 0.0912307311759 5.59598892206e-17 0.913894345039 0.405952122922 1.57079632679 68.0
-0.4645 0.0945 0.906655 0.203921568627 0.101960784314 0.0666666666667 0.34867225258 -0.380476482724 0.856542647143 0.0912307311759 -0.921256856642 0.028951663071 0.38787576013 3.11017672705 68.0
-0.4645 0.0945 0.906655 0.203921568627 0.101960784314 0.0666666666667 0.34867225258 -0.380476482724 0.856542647143 0.0912307311759 0.116779990281 0.924408809079 0.363085096868 1.44513262065 68.0
-0.464226 0.0805 0.9015 0.164705882353 0.0705882352941 0.043137254902 0.399821646598 -0.36430597244 0.841084900207 0.166569737148 -0.576272496982 0.613667879839 0.539742292652 2.32477856366 69.0
-0.464226 0.0805 0.9015 0.164705882353 0.0705882352941 0.043137254902 0.399821646598 -0.36430597244 0.841084900207 0.166569737148 -0.594924470024 0.594924470024 0.540490286623 2.35619449019 69.0
-0.464226 0.0805 0.9015 0.164705882353 0.0705882352941 0.043137254902 0.399821646598 -0.36430597244 0.841084900207 0.166569737148 -0.0849745579554 0.898936925721 0.429757755108 1.6650441064 69.0
-0.4635 0.0445 0.891133 0.274509803922 0.149019607843 0.121568627451 0.450660002446 -0.0604333337465 0.890647727425 0.0616931501935 -0.886834783807 0.0838305687277 0.454418861818 3.04734487398 70.0
-0.4635 0.0445 0.891133 0.274509803922 0.149019607843 0.121568627451 0.450660002446 -0.0604333337465 0.890647727425 0.0616931501935 -0.833132357518 0.329860435377 0.443939824784 2.76460153516 70.0
-0.4635 0.0445 0.891133 0.274509803922 0.149019607843 0.121568627451 0.450660002446 -0.0604333337465 0.890647727425 0.0616931501935 0.857014605917 0.308544243656 -0.412706209006 0.345575191895 70.0
-0.4635 0.155637 0.9045 0.549019607843 0.364705882353 0.349019607843 -0.06963257065 0.368007635094 0.927211780348 0.274897373196 0.797237933737 0.579227263798 -0.170021921775 0.628318530718 71.0
-0.4635 0.155637 0.9045 0.549019607843 0.364705882353 0.349019607843 -0.06963257065 0.368007635094 0.927211780348 0.274897373196 -0.475866555657 0.804646402093 -0.355098843712 2.10486707791 71.0
-0.4635 0.155637 0.9045 0.549019607843 0.364705882353 0.349019607843 -0.06963257065 0.368007635094 0.927211780348 0.274897373196 0.756250777426 0.625625052284 -0.191515157618 0.69115038379 71.0
-0.4625 0.0250671 0.8895 0.247058823529 0.149019607843 0.109803921569 0.228870028594 -0.0292483156146 0.973017495241 0.27410642882 0.125333226239 0.992114643332 0.000341888139295 1.44513262065 72.0
-0.4625 0.0250671 0.8895 0.247058823529 0.149019607843 0.109803921569 0.228870028594 -0.0292483156146 0.973017495241 0.27410642882 -0.694985695543 0.694985695543 0.184363136181 2.35619449019 72.0
-0.4625 0.0250671 0.8895 0.247058823529 0.149019607843 0.109803921569 0.228870028594 -0.0292483156146 0.973017495241 0.27410642882 0.424650800302 0.90242888646 -0.0727585231127 1.13097335529 72.0
-0.4615 0.0625 0.893119 0.247058823529 0.137254901961 0.101960784314 0.429899523418 -0.166644078917 0.887364722494 0.178407832067 0.831153504683 0.456930505886 -0.316857009459 0.502654824574 73.0
-0.4615 0.0625 0.893119 0.247058823529 0.137254901961 0.101960784314 0.429899523418 -0.166644078917 0.887364722494 0.178407832067 -0.293598368017 0.903602863787 0.311932465212 1.88495559215 73.0
-0.4615 0.0625 0.893119 0.247058823529 0.137254901961 0.101960784314 0.429899523418 -0.166644078917 0.887364722494 0.178407832067 0.0309536737 0.984961867801 0.169976436783 1.53938040026 73.0
-0.4615 0.0865 0.901182 0.16862745098 0.0941176470588 0.0627450980392 0.449559893584 -0.14002019207 0.882207599091 0.173881592067 -0.810665596906 0.350806329722 0.468781621888 2.73318560862 74.0
-0.4615 0.0865 0.901182 0.16862745098 0.0941176470588 0.0627450980392 0.449559893584 -0.14002019207 0.882207599091 0.173881592067 -0.37507968996 0.866758022838 0.328703142705 1.97920337176 74.0
-0.4615 0.0865 0.901182 0.16862745098 0.0941176470588 0.0627450980392 0.449559893584 -0.14002019207 0.882207599091 0.173881592067 -0.496285760232 0.782021224619 0.377018896656 2.13628300444 74.0
-0.4615 0.1455 0.907552 0.509803921569 0.329411764706 0.294117647059 0.172008159152 0.0809393485085 0.981764745266 0.0574930342931 -0.787119519449 0.610552483983 0.0875701227853 2.48185819634 75.0
-0.4615 0.1455 0.907552 0.509803921569 0.329411764706 0.294117647059 0.172008159152 0.0809393485085 0.981764745266 0.0574930342931 0.984088827652 0.030926237308 -0.174964988318 0.0314159265359 75.0
-0.4615 0.1455 0.907552 0.509803921569 0.329411764706 0.294117647059 0.172008159152 0.0809393485085 0.981764745266 0.0574930342931 0.86038831485 0.473002478781 -0.189738247953 0.502654824574 75.0
-0.4615 0.1635 0.898841 0.329411764706 0.121568627451 0.129411764706 0.109455055678 0.503507001754 0.857029923615 0.242391837819 -0.719902025676 0.634679010516 -0.280933492196 2.41902634326 76.0
-0.4615 0.1635 0.898841 0.329411764706 0.121568627451 0.129411764706 0.109455055678 0.503507001754 0.857029923615 0.242391837819 -0.806977783626 0.548421535435 -0.219136204689 2.54469004941 76.0
-0.4615 0.1635 0.898841 0.329411764706 0.121568627451 0.129411764706 0.109455055678 0.503507001754 0.857029923615 0.242391837819 0.832755835201 0.424310291251 -0.35563815273 0.471238898038 76.0
-0.4605 0.0105 0.886304 0.294117647059 0.149019607843 0.101960784314 0.23632457185 -0.0660602693417 0.969425983536 0.196140072114 0.962532292426 0.15245013843 -0.224255526864 0.157079632679 77.0
-0.4605 0.0105 0.886304 0.294117647059 0.149019607843 0.101960784314 0.23632457185 -0.0660602693417 0.969425983536 0.196140072114 -0.335151136404 0.930918093573 0.14513861935 1.91637151869 77.0
-0.4605 0.0105 0.886304 0.294117647059 0.149019607843 0.101960784314 0.23632457185 -0.0660602693417 0.969425983536 0.196140072114 -0.363884651627 0.919067718225 0.15133568524 1.94778744523 77.0
-0.4605 0.1025 0.907918 0.192156862745 0.078431372549 0.0627450980392 0.133961277403 -0.206903116228 0.969146777661 0.332816947423 0.635572350651 0.768274995598 0.0761663851495 0.879645943005 78.0
-0.4605 0.1025 0.907918 0.192156862745 0.078431372549 0.0627450980392 0.133961277403 -0.206903116228 0.969146777661 0.332816947423 0.153706473366 0.970464479028 0.185938202072 1.41371669412 78.0
-0.4605 0.1025 0.907918 0.192156862745 0.078431372549 0.0627450980392 0.133961277403 -0.206903116228 0.969146777661 0.332816947423 0.90429925036 0.425530926746 -0.0341510787642 0.439822971503 78.0
-0.4595 0.1155 0.907697 0.286274509804 0.164705882353 0.149019607843 0.0806597369696 -0.0400682957521 0.995936011251 0.280803304381 0.535802986644 0.84429040957 -0.00942676038709 1.00530964915 79.0
-0.4595 0.1155 0.907697 0.286274509804 0.164705882353 0.149019607843 0.0806597369696 -0.0400682957521 0.995936011251 0.280803304381 0.749674184381 0.660926699165 -0.0341249996872 0.722566310326 79.0
-0.4595 0.1155 0.907697 0.286274509804 0.164705882353 0.149019607843 0.0806597369696 -0.0400682957521 0.995936011251 0.280803304381 0.0627519483547 0.997413657163 0.0350455344113 1.50796447372 79.0
-0.4595 0.1305 0.908125 0.427450980392 0.227450980392 0.18431372549 0.0892771922978 -0.0727120796972 0.993349151307 0.144981226533 -0.68007394712 0.724205197105 0.114132637466 2.32477856366 80.0
-0.4595 0.1305 0.908125 0.427450980392 0.227450980392 0.18431372549 0.0892771922978 -0.0727120796972 0.993349151307 0.144981226533 0.612904730197 0.790152016995 0.00275349606027 0.911061869541 80.0
-0.4595 0.1305 0.908125 0.427450980392 0.227450980392 0.18431372549 0.0892771922978 -0.0727120796972 0.993349151307 0.144981226533 0.367899624554 0.929208382277 0.0349520894785 1.19380520836 80.0
-0.4555 0.141176 0.9045 0.474509803922 0.294117647059 0.266666666667 0.437693345702 -0.0292783124131 0.898647492374 0.252528154508 -0.360296029856 0.910003894269 0.205133330509 1.94778744523 81.0
-0.4555 0.141176 0.9045 0.474509803922 0.294117647059 0.266666666667 0.437693345702 -0.0292783124131 0.898647492374 0.252528154508 -0.583021359574 0.751626607727 0.308453459759 2.23053078405 81.0
-0.4555 0.141176 0.9045 0.474509803922 0.294117647059 0.266666666667 0.437693345702 -0.0292783124131 0.898647492374 0.252528154508 0.709358713138 0.625383830158 -0.325123485881 0.722566310326 81.0
-0.4545 0.1115 0.904079 0.266666666667 0.121568627451 0.101960784314 0.392474193206 -0.113756540471 0.912701187228 0.22796963429 0.604723072106 0.779604286941 -0.162871611541 0.911061869541 82.0
-0.4545 0.1115 0.904079 0.266666666667 0.121568627451 0.101960784314 0.392474193206 -0.113756540471 0.912701187228 0.22796963429 0.917632974438 0.115924003302 -0.380146484506 0.125663706144 82.0
-0.4545 0.1115 0.904079 0.266666666667 0.121568627451 0.101960784314 0.392474193206 -0.113756540471 0.912701187228 0.22796963429 0.912331737899 0.174036586812 -0.370623888158 0.188495559215 82.0
-0.4525 0.1125 0.90499 0.313725490196 0.149019607843 0.121568627451 0.296780794753 -0.0755587583594 0.951951697252 0.26476061943 0.308949838025 0.950849830303 -0.0208470093192 1.25663706144 83.0
-0.4525 0.1125 0.90499 0.313725490196 0.149019607843 0.121568627451 0.296780794753 -0.0755587583594 0.951951697252 0.26476061943 -0.304553798611 0.937320212168 0.169345220224 1.88495559215 83.0
-0.4525 0.1125 0.90499 0.313725490196 0.149019607843 0.121568627451 0.296780794753 -0.0755587583594 0.951951697252 0.26476061943 -0.95357371044 0.0299672611162 0.299665049713 3.11017672705 83.0
-0.4525 0.1465 0.904702 0.313725490196 0.149019607843 0.121568627451 0.384103280493 0.0897907289138 0.918913649325 0.148687775886 0.796535047131 0.471069513705 -0.378979461119 0.53407075111 84.0
-0.4525 0.1465 0.904702 0.313725490196 0.149019607843 0.121568627451 0.384103280493 0.0897907289138 0.918913649325 0.148687775886 0.92124400763 0.0289512592746 -0.387906306976 0.0314159265359 84.0
-0.4525 0.1465 0.904702 0.313725490196 0.149019607843 0.121568627451 0.384103280493 0.0897907289138 0.918913649325 0.148687775886 -0.846608548251 0.431368601094 0.311729203026 2.67035375555 84.0
-0.4515 0.0985 0.901946 0.156862745098 0.0705882352941 0.0313725490196 0.26776973278 -0.453314567182 0.850179553616 0.246437876317 0.934643394932 0.33649232742 -0.114954938549 0.345575191895 85.0
-0.4515 0.0985 0.901946 0.156862745098 0.0705882352941 0.0313725490196 0.26776973278 -0.453314567182 0.850179553616 0.246437876317 -0.789642930037 0.402343168868 0.463232142136 2.67035375555 85.0
-0.4515 0.1205 0.905093 0.392156862745 0.227450980392 0.18431372549 0.302260019325 -0.0951663891286 0.948463093166 0.206608676565 0.062589906159 0.994838070218 0.0798731349812 1.50796447372 86.0
-0.4515 0.1205 0.905093 0.392156862745 0.227450980392 0.18431372549 0.302260019325 -0.0951663891286 0.948463093166 0.206608676565 -0.613744894269 0.741890133296 0.270030062913 2.26194671058 86.0
-0.4515 0.1205 0.905093 0.392156862745 0.227450980392 0.18431372549 0.302260019325 -0.0951663891286 0.948463093166 0.206608676565 0.338706852002 0.940794473589 -0.0135435176767 1.2252211349 86.0
-0.4505 0.1305 0.904739 0.419607843137 0.23137254902 0.18431372549 0.362970783426 -0.14125541807 0.921031550624 0.157874170358 -0.906989715937 0.173017541623 0.383972115492 2.95309709437 87.0
-0.4505 0.1305 0.904739 0.419607843137 0.23137254902 0.18431372549 0.362970783426 -0.14125541807 0.921031550624 0.157874170358 -0.715054826026 0.591544797404 0.372520265812 2.4504422698 87.0
-0.4455 0.1255 0.901769 0.38431372549 0.227450980392 0.164705882353 0.474725350078 -0.0783499872141 0.876639675977 0.0922576421515 0.879391564566 0.0831269773558 -0.468786072537 0.0942477796077 88.0
-0.4455 0.1255 0.901769 0.38431372549 0.227450980392 0.164705882353 0.474725350078 -0.0783499872141 0.876639675977 0.0922576421515 0.84127560549 0.333084575332 -0.425805144735 0.376991118431 88.0
-0.4455 0.1255 0.901769 0.38431372549 0.227450980392 0.164705882353 0.474725350078 -0.0783499872141 0.876639675977 0.0922576421515 0.878034132777 0.110921506248 -0.465566838521 0.125663706144 88.0
-0.4445 0.1315 0.900788 0.376470588235 0.211764705882 0.176470588235 0.436425766809 0.0132990082727 0.899641976813 0.108336736368 -0.899526016941 0.0282687439213 0.435951629156 3.11017672705 89.0
-0.4445 0.1315 0.900788 0.376470588235 0.211764705882 0.176470588235 0.436425766809 0.0132990082727 0.899641976813 0.108336736368 -0.830436950261 0.390773966592 0.397077043753 2.70176968209 89.0
-0.4445 0.1315 0.900788 0.376470588235 0.211764705882 0.176470588235 0.436425766809 0.0132990082727 0.899641976813 0.108336736368 0.361499486249 0.913043478147 -0.188864312288 1.19380520836 89.0
-0.4445 0.1565 0.893863 0.447058823529 0.258823529412 0.23137254902 0.296338799633 0.363029729322 0.883398399059 0.273750547039 0.450800877753 0.762262655427 -0.464471971984 1.03672557568 90.0
-0.4445 0.1565 0.893863 0.447058823529 0.258823529412 0.23137254902 0.296338799633 0.363029729322 0.883398399059 0.273750547039 -0.297012534505 0.91411058778 -0.276017006099 1.88495559215 90.0
-0.4445 0.1565 0.893863 0.447058823529 0.258823529412 0.23137254902 0.296338799633 0.363029729322 0.883398399059 0.273750547039 -0.953545140932 0.0599919752531 0.295216237883 3.07876080052 90.0
-0.4375 0.1295 0.89523 0.364705882353 0.18431372549 0.137254901961 0.45339115942 0.048758127381 0.889977023059 0.0746943427256 -0.828924453704 0.390062239737 0.400918569267 2.70176968209 91.0
-0.4375 0.1295 0.89523 0.364705882353 0.18431372549 0.137254901961 0.45339115942 0.048758127381 0.889977023059 0.0746943427256 0.59840874768 0.723351916613 -0.344483635943 0.879645943005 91.0
-0.4375 0.1295 0.89523 0.364705882353 0.18431372549 0.137254901961 0.45339115942 0.048758127381 0.889977023059 0.0746943427256 0.792216121078 0.435524498105 -0.427448276468 0.502654824574 91.0
-0.4365 0.1445 0.894343 0.294117647059 0.121568627451 0.0941176470588 0.563462394741 0.146671120987 0.813017657853 0.129450724126 -0.394780547575 0.91228401865 0.109023798196 1.97920337176 92.0
-0.4365 0.1445 0.894343 0.294117647059 0.121568627451 0.0941176470588 0.563462394741 0.146671120987 0.813017657853 0.129450724126 0.261944194287 0.901617830563 -0.34419547744 1.28805298797 92.0
-0.4365 0.1445 0.894343 0.294117647059 0.121568627451 0.0941176470588 0.563462394741 0.146671120987 0.813017657853 0.129450724126 -0.0622133514889 0.988852905128 -0.135275389175 1.63362817987 92.0
-0.4365 0.1465 0.894167 0.329411764706 0.137254901961 0.109803921569 0.523880294857 0.202945614444 0.827262058986 0.115413555818 0.702694800579 0.445943680732 -0.554395392166 0.565486677646 93.0
-0.4365 0.1465 0.894167 0.329411764706 0.137254901961 0.109803921569 0.523880294857 0.202945614444 0.827262058986 0.115413555818 -0.452916259541 0.888898209088 0.0687519870568 2.04203522483 93.0
-0.4365 0.1465 0.894167 0.329411764706 0.137254901961 0.109803921569 0.523880294857 0.202945614444 0.827262058986 0.115413555818 0.632583649808 0.557697506896 -0.537411775827 0.722566310326 93.0
