-0.5415 0.1415 0.877575 0.364705882353 0.247058823529 0.192156862745 -0.52671347515 -0.0383333777821 0.849178112791 0.0520061448351
-0.534305 0.1625 0.8835 0.392156862745 0.239215686275 0.192156862745 -0.55507109414 0.1875562339 0.810381848004 0.132541367769
-0.5295 0.1245 0.885954 0.301960784314 0.16862745098 0.129411764706 -0.557237916904 -0.0783238945268 0.826650634495 0.130240108231
-0.5295 0.1475 0.890597 0.321568627451 0.192156862745 0.141176470588 -0.549099696211 -0.123158899934 0.826632571938 0.101926291765
-0.527206 0.1355 0.8895 0.286274509804 0.141176470588 0.0941176470588 -0.451521133647 -0.21976042572 0.864773971138 0.113085478226
-0.5245 0.1235 0.888317 0.341176470588 0.219607843137 0.16862745098 -0.335958714461 -0.0781848971022 0.938626051227 0.139383057047
-0.5235 0.1015 0.883751 0.239215686275 0.164705882353 0.109803921569 -0.426943984759 -0.276487893401 0.860972286825 0.114846657646
-0.5205 0.1255 0.890134 0.282352941176 0.149019607843 0.109803921569 -0.526594572615 -0.184556583598 0.829841565326 0.22056857146
-0.5195 0.0955 0.884969 0.203921568627 0.137254901961 0.0941176470588 -0.474809347093 0.0912819702674 0.875342039329 0.461580665029
-0.5185 0.1515 0.89906 0.294117647059 0.164705882353 0.113725490196 -0.522548803708 -0.10394720551 0.846249210463 0.0317682115276
-0.51804 0.1435 0.8985 0.294117647059 0.176470588235 0.121568627451 -0.517335745539 -0.240983134115 0.821152151224 0.059260896659
-0.5175 0.1605 0.900994 0.392156862745 0.274509803922 0.23137254902 -0.499867377779 0.0673264359008 0.863481184312 0.115373948565
-0.5155 0.1075 0.894027 0.301960784314 0.2 0.16862745098 -0.476860511767 -0.0280919896762 0.878529961034 0.144935979289
-0.5145 0.0945 0.893932 0.258823529412 0.18431372549 0.141176470588 -0.509517944665 -0.0331616909791 0.859820775695 0.367225471164
-0.509807 0.1365 0.9015 0.23137254902 0.109803921569 0.0627450980392 -0.431298979915 -0.24353778571 0.868717754426 0.113414707056
-0.509649 0.1575 0.9045 0.321568627451 0.23137254902 0.2 -0.250401102319 0.0674896126904 0.965786953803 0.0868946552656
-0.5095 0.1665 0.901811 0.403921568627 0.266666666667 0.266666666667 -0.0608374534258 0.543652287573 0.837102738305 0.205828535023
-0.5055 0.0935 0.898023 0.294117647059 0.16862745098 0.137254901961 -0.524751773265 -0.0790452921924 0.847577381858 0.0619898154156
-0.5055 0.1225 0.902046 0.411764705882 0.23137254902 0.192156862745 -0.405315305491 0.0101209629198 0.914120927036 0.105309791749
-0.504698 0.0715 0.8955 0.254901960784 0.16862745098 0.137254901961 -0.470373765499 -0.167145255127 0.866493499352 0.0663201214621
-0.5045 0.1125 0.90267 0.43137254902 0.309803921569 0.266666666667 -0.420001793517 -0.0632159796579 0.905318857287 0.0954271152203
-0.5035 0.1625 0.904679 0.329411764706 0.176470588235 0.156862745098 -0.0455354019624 0.590403554622 0.805822666508 0.229977917102
-0.5025 0.0455 0.8894 0.211764705882 0.129411764706 0.078431372549 -0.529062782972 -0.266274052168 0.805723712457 0.0355519706352
-0.5025 0.1535 0.906372 0.254901960784 0.129411764706 0.101960784314 -0.140685743498 -0.0190921423931 0.989870199408 0.154965937733
-0.5015 0.0605 0.895308 0.227450980392 0.149019607843 0.109803921569 -0.472464075857 -0.168460336497 0.86510046356 0.0894175214787
-0.5015 0.1425 0.906998 0.176470588235 0.0901960784314 0.0666666666667 -0.300522792534 -0.119513679892 0.946257117007 0.229487385679
-0.5005 0.0355 0.888184 0.219607843137 0.137254901961 0.0941176470588 -0.438922116151 -0.240417138327 0.865763810489 0.0703550233039
-0.5005 0.0495 0.891849 0.203921568627 0.129411764706 0.078431372549 -0.525631097099 -0.243214112677 0.815204787251 0.0946367211482
-0.4995 0.1295 0.905868 0.349019607843 0.18431372549 0.137254901961 -0.428640645164 -0.154110675365 0.890234293347 0.092089679677
-0.4985 0.0245 0.886393 0.203921568627 0.137254901961 0.0901960784314 -0.463051037026 -0.25933564235 0.847542778694 0.22344371121
-0.4985 0.0375 0.88981 0.203921568627 0.121568627451 0.078431372549 -0.430240219817 -0.265494001897 0.862789828527 0.0667029071186
-0.4985 0.1105 0.904781 0.403921568627 0.247058823529 0.203921568627 -0.368212627983 -0.0396642797487 0.928895153128 0.0230880906817
-0.4975 0.103585 0.9045 0.356862745098 0.219607843137 0.16862745098 -0.381793545015 -0.121778260542 0.916189797064 0.0336814011008
-0.496463 0.1615 0.9075 0.392156862745 0.239215686275 0.247058823529 0.328278930105 0.440393836162 0.835635215342 0.687534023234
-0.4955 0.0285 0.888459 0.203921568627 0.129411764706 0.0823529411765 -0.311653992165 -0.214752688954 0.925609567666 0.0911470027968
-0.4955 0.0935 0.903413 0.313725490196 0.18431372549 0.149019607843 -0.43545042993 -0.1555276757 0.886675851236 0.0644798969988
-0.4925 0.169871 0.8955 0.38431372549 0.176470588235 0.16862745098 0.17291404854 0.482137702718 0.858862018857 0.176630083436
-0.4915 0.0755 0.902372 0.203921568627 0.121568627451 0.109803921569 -0.242858565061 -0.190266797159 0.951219356024 0.0887884213864
-0.4915 0.1355 0.908615 0.36862745098 0.2 0.164705882353 -0.192358157249 9.13337581927e-05 0.981324783646 0.0563731519146
-0.490872 0.1175 0.9075 0.294117647059 0.176470588235 0.149019607843 -0.302305203263 0.0455415514882 0.952122645024 0.0204112673881
-0.4905 0.0115 0.884469 0.18431372549 0.109803921569 0.0627450980392 -0.218138243567 -0.36872494165 0.903580446944 0.11869233848
-0.4905 0.0405 0.893658 0.176470588235 0.113725490196 0.078431372549 -0.323180602505 -0.275674361697 0.905294396574 0.104297680467
-0.4905 0.0575 0.898076 0.211764705882 0.121568627451 0.101960784314 -0.212503011475 -0.205877621145 0.955226085922 0.0709909543283
-0.4905 0.1025 0.906906 0.274509803922 0.164705882353 0.137254901961 -0.315763209433 -0.142447546846 0.938084373586 0.0522265942638
-0.4905 0.1465 0.909374 0.266666666667 0.149019607843 0.129411764706 0.158322253701 0.144314793397 0.97678416469 0.344520355431
-0.4895 0.0345 0.892396 0.156862745098 0.109803921569 0.0666666666667 -0.256991593441 -0.275924168596 0.926186360343 0.10492726158
-0.4885 0.0905 0.905905 0.239215686275 0.137254901961 0.101960784314 -0.208415070944 -0.105466966558 0.972337326841 0.0795846538292
-0.487851 0.1595 0.9045 0.356862745098 0.164705882353 0.149019607843 0.0695062331535 0.588757761269 0.805315579197 0.242792325996
-0.4855 0.0245 0.889697 0.176470588235 0.101960784314 0.0666666666667 -0.158574049805 -0.306645951496 0.938521460149 0.0190496781243
-0.4855 0.0825 0.904782 0.23137254902 0.121568627451 0.0941176470588 -0.165676221275 -0.274411675377 0.947232612467 0.0497267331893
-0.4835 0.1605 0.904862 0.313725490196 0.121568627451 0.113725490196 0.134026248269 0.289756193574 0.947669938882 0.305892422969
-0.4785 0.0825 0.904523 0.18431372549 0.101960784314 0.0823529411765 0.124042479944 -0.263700960719 0.956595665099 0.0933547279184
-0.4775 0.0125 0.886333 0.23137254902 0.101960784314 0.0627450980392 -0.238705467948 -0.372884926466 0.896647383973 0.0114021985157
-0.4765 0.0545 0.898775 0.211764705882 0.129411764706 0.0941176470588 0.0699883610529 -0.159359689839 0.984736573187 0.0313473587703
-0.4765 0.0995 0.909055 0.203921568627 0.101960784314 0.078431372549 -0.130319729819 -0.133160056814 0.982489270827 0.157162788905
-0.4765 0.1135 0.910295 0.294117647059 0.203921568627 0.18431372549 -0.051902261954 0.0189101708717 0.998473114631 0.0953447606745
-0.4765 0.1405 0.909788 0.403921568627 0.219607843137 0.176470588235 0.0442616973868 0.238594373291 0.970110110853 0.169195340378
-0.4765 0.1585 0.90378 0.403921568627 0.2 0.211764705882 0.0509525129797 0.473398840344 0.879373287849 0.442849917373
-0.4755 0.0265 0.891442 0.219607843137 0.109803921569 0.0666666666667 -0.0498291219746 -0.292814758612 0.954869926085 0.071597541361
-0.4755 0.0645 0.900898 0.2 0.121568627451 0.0941176470588 0.0572676584952 -0.229399237027 0.971646234667 0.256684859574
-0.4755 0.1155 0.909878 0.313725490196 0.227450980392 0.2 0.00777322932733 0.0308972175852 0.999492340567 0.0727364670254
-0.4755 0.146243 0.9075 0.337254901961 0.137254901961 0.121568627451 -0.158878767745 0.0404418617203 0.986469458717 0.212076579927
-0.4745 0.0185 0.889693 0.219607843137 0.101960784314 0.0549019607843 -0.143069277809 -0.264943622729 0.953591138026 0.0422259419327
-0.4745 0.0735 0.902101 0.211764705882 0.129411764706 0.113725490196 0.245813829689 -0.185837908583 0.951335814982 0.151628095102
-0.4725 0.1615 0.902437 0.6 0.349019607843 0.337254901961 -0.0394099001056 0.500842481165 0.864640774446 0.117536617364
-0.4695 0.0855471 0.9045 0.156862745098 0.0666666666667 0.0392156862745 0.222357507322 -0.273742589237 0.935746832095 0.0789701246183
-0.4645 0.0195 0.889941 0.294117647059 0.156862745098 0.121568627451 -0.00701649717543 -0.013432839419 0.999885157202 0.0745352319825
-0.4645 0.0315 0.892317 0.258823529412 0.149019607843 0.121568627451 0.420022202102 -0.254484949169 0.871102037873 0.248536967107
-0.4645 0.0945 0.906655 0.203921568627 0.101960784314 0.0666666666667 0.34867225258 -0.380476482724 0.856542647143 0.0912307311759
-0.464226 0.0805 0.9015 0.164705882353 0.0705882352941 0.043137254902 0.399821646598 -0.36430597244 0.841084900207 0.166569737148
-0.4635 0.0445 0.891133 0.274509803922 0.149019607843 0.121568627451 0.450660002446 -0.0604333337465 0.890647727425 0.0616931501935
-0.4635 0.155637 0.9045 0.549019607843 0.364705882353 0.349019607843 -0.06963257065 0.368007635094 0.927211780348 0.274897373196
-0.4625 0.0250671 0.8895 0.247058823529 0.149019607843 0.109803921569 0.228870028594 -0.0292483156146 0.973017495241 0.27410642882
-0.4615 0.0625 0.893119 0.247058823529 0.137254901961 0.101960784314 0.429899523418 -0.166644078917 0.887364722494 0.178407832067
-0.4615 0.0865 0.901182 0.16862745098 0.0941176470588 0.0627450980392 0.449559893584 -0.14002019207 0.882207599091 0.173881592067
-0.4615 0.1455 0.907552 0.509803921569 0.329411764706 0.294117647059 0.172008159152 0.0809393485085 0.981764745266 0.0574930342931
-0.4615 0.1635 0.898841 0.329411764706 0.121568627451 0.129411764706 0.109455055678 0.503507001754 0.857029923615 0.242391837819
-0.4605 0.0105 0.886304 0.294117647059 0.149019607843 0.101960784314 0.23632457185 -0.0660602693417 0.969425983536 0.196140072114
-0.4605 0.1025 0.907918 0.192156862745 0.078431372549 0.0627450980392 0.133961277403 -0.206903116228 0.969146777661 0.332816947423
-0.4595 0.1155 0.907697 0.286274509804 0.164705882353 0.149019607843 0.0806597369696 -0.0400682957521 0.995936011251 0.280803304381
-0.4595 0.1305 0.908125 0.427450980392 0.227450980392 0.18431372549 0.0892771922978 -0.0727120796972 0.993349151307 0.144981226533
-0.4555 0.141176 0.9045 0.474509803922 0.294117647059 0.266666666667 0.437693345702 -0.0292783124131 0.898647492374 0.252528154508
-0.4545 0.1115 0.904079 0.266666666667 0.121568627451 0.101960784314 0.392474193206 -0.113756540471 0.912701187228 0.22796963429
-0.4525 0.1125 0.90499 0.313725490196 0.149019607843 0.121568627451 0.296780794753 -0.0755587583594 0.951951697252 0.26476061943
-0.4525 0.1465 0.904702 0.313725490196 0.149019607843 0.121568627451 0.384103280493 0.0897907289138 0.918913649325 0.148687775886
-0.4515 0.0985 0.901946 0.156862745098 0.0705882352941 0.0313725490196 0.26776973278 -0.453314567182 0.850179553616 0.246437876317
-0.4515 0.1205 0.905093 0.392156862745 0.227450980392 0.18431372549 0.302260019325 -0.0951663891286 0.948463093166 0.206608676565
-0.4505 0.1305 0.904739 0.419607843137 0.23137254902 0.18431372549 0.362970783426 -0.14125541807 0.921031550624 0.157874170358
-0.4455 0.1255 0.901769 0.38431372549 0.227450980392 0.164705882353 0.474725350078 -0.0783499872141 0.876639675977 0.0922576421515
-0.4445 0.1315 0.900788 0.376470588235 0.211764705882 0.176470588235 0.436425766809 0.0132990082727 0.899641976813 0.108336736368
-0.4445 0.1565 0.893863 0.447058823529 0.258823529412 0.23137254902 0.296338799633 0.363029729322 0.883398399059 0.273750547039
-0.4375 0.1295 0.89523 0.364705882353 0.18431372549 0.137254901961 0.45339115942 0.048758127381 0.889977023059 0.0746943427256
-0.4365 0.1445 0.894343 0.294117647059 0.121568627451 0.0941176470588 0.563462394741 0.146671120987 0.813017657853 0.129450724126
-0.4365 0.1465 0.894167 0.329411764706 0.137254901961 0.109803921569 0.523880294857 0.202945614444 0.827262058986 0.115413555818
