-0.5415 0.1415 0.877575 0.36470588235294116 0.24705882352941178 0.19215686274509805 -0.5267134751495659 -0.03833337778207294 0.8491781127912356 0.0
-0.534305 0.1625 0.8835 0.39215686274509803 0.23921568627450981 0.19215686274509805 -0.5550710941404488 0.1875562339003994 0.8103818480042749 0.0
-0.5295 0.1245 0.885954 0.30196078431372547 0.16862745098039217 0.12941176470588237 -0.5572379169035896 -0.078323894526845 0.8266506344950664 0.0
-0.5295 0.1475 0.890597 0.3215686274509804 0.19215686274509805 0.1411764705882353 -0.5490996962105223 -0.12315889993371666 0.8266325719378766 0.0
-0.527206 0.1355 0.8895 0.28627450980392155 0.1411764705882353 0.09411764705882353 -0.4515211336467055 -0.2197604257196635 0.8647739711380692 0.0
-0.5245 0.1235 0.888317 0.3411764705882353 0.2196078431372549 0.16862745098039217 -0.33595871446100123 -0.0781848971022362 0.9386260512274439 0.0
-0.5235 0.1015 0.883751 0.23921568627450981 0.16470588235294117 0.10980392156862745 -0.4269439847593098 -0.2764878934005254 0.8609722868250649 0.0
-0.5205 0.1255 0.890134 0.2823529411764706 0.14901960784313725 0.10980392156862745 -0.5265945726151217 -0.18455658359847343 0.8298415653260307 0.0
-0.5195 0.0955 0.884969 0.20392156862745098 0.13725490196078433 0.09411764705882353 -0.4748093470930101 0.09128197026740048 0.8753420393293189 0.0
-0.5185 0.1515 0.89906 0.29411764705882354 0.16470588235294117 0.11372549019607843 -0.5225488037079499 -0.10394720551001987 0.846249210463471 0.0
-0.51804 0.1435 0.8985 0.29411764705882354 0.17647058823529413 0.12156862745098039 -0.5173357455389935 -0.24098313411521188 0.8211521512238908 0.0
-0.5175 0.1605 0.900994 0.39215686274509803 0.27450980392156865 0.23137254901960785 -0.4998673777787841 0.06732643590079836 0.8634811843123498 0.0
-0.5155 0.1075 0.894027 0.30196078431372547 0.2 0.16862745098039217 -0.47686051176661143 -0.028091989676152795 0.8785299610336122 0.0
-0.5145 0.0945 0.893932 0.25882352941176473 0.1843137254901961 0.1411764705882353 -0.5095179446645931 -0.0331616909790947 0.8598207756946652 0.0
-0.509807 0.1365 0.9015 0.23137254901960785 0.10980392156862745 0.06274509803921569 -0.4312989799147212 -0.24353778571044246 0.868717754426474 0.0
-0.509649 0.1575 0.9045 0.3215686274509804 0.23137254901960785 0.2 -0.2504011023187613 0.0674896126903909 0.9657869538031927 0.0
-0.5095 0.1665 0.901811 0.403921568627451 0.26666666666666666 0.26666666666666666 -0.060837453425808714 0.543652287572775 0.8371027383048938 0.0
-0.5055 0.0935 0.898023 0.29411764705882354 0.16862745098039217 0.13725490196078433 -0.5247517732652802 -0.07904529219237041 0.8475773818579438 0.0
-0.5055 0.1225 0.902046 0.4117647058823529 0.23137254901960785 0.19215686274509805 -0.4053153054905593 0.01012096291976236 0.9141209270357349 0.0
-0.504698 0.0715 0.8955 0.2549019607843137 0.16862745098039217 0.13725490196078433 -0.4703737654994381 -0.1671452551267938 0.8664934993515406 0.0
-0.5045 0.1125 0.90267 0.43137254901960786 0.30980392156862746 0.26666666666666666 -0.42000179351673306 -0.06321597965790586 0.9053188572865466 0.0
-0.5035 0.1625 0.904679 0.32941176470588235 0.17647058823529413 0.1568627450980392 -0.0455354019624348 0.5904035546217834 0.8058226665080117 0.0
-0.5025 0.0455 0.8894 0.21176470588235294 0.12941176470588237 0.0784313725490196 -0.5290627829722145 -0.2662740521681917 0.8057237124570845 0.0
-0.5025 0.1535 0.906372 0.2549019607843137 0.12941176470588237 0.10196078431372549 -0.1406857434977353 -0.019092142393076193 0.9898701994076455 0.0
-0.5015 0.0605 0.895308 0.22745098039215686 0.14901960784313725 0.10980392156862745 -0.47246407585717626 -0.16846033649746825 0.8651004635599174 0.0
-0.5015 0.1425 0.906998 0.17647058823529413 0.09019607843137255 0.06666666666666667 -0.3005227925342722 -0.11951367989160515 0.9462571170068788 0.0
-0.5005 0.0355 0.888184 0.2196078431372549 0.13725490196078433 0.09411764705882353 -0.438922116151281 -0.2404171383270235 0.8657638104887072 0.0
-0.5005 0.0495 0.891849 0.20392156862745098 0.12941176470588237 0.0784313725490196 -0.5256310970989192 -0.243214112677239 0.8152047872511605 0.0
-0.4995 0.1295 0.905868 0.34901960784313724 0.1843137254901961 0.13725490196078433 -0.42864064516407613 -0.15411067536518747 0.8902342933474369 0.0
-0.4985 0.0245 0.886393 0.20392156862745098 0.13725490196078433 0.09019607843137255 -0.46305103702612116 -0.2593356423497436 0.8475427786938424 0.0
-0.4985 0.0375 0.88981 0.20392156862745098 0.12156862745098039 0.0784313725490196 -0.43024021981657906 -0.2654940018967532 0.8627898285266398 0.0
-0.4985 0.1105 0.904781 0.403921568627451 0.24705882352941178 0.20392156862745098 -0.36821262798348575 -0.039664279748706815 0.928895153128442 0.0
-0.4975 0.103585 0.9045 0.3568627450980392 0.2196078431372549 0.16862745098039217 -0.3817935450150594 -0.12177826054208188 0.9161897970640028 0.0
-0.496463 0.1615 0.9075 0.39215686274509803 0.23921568627450981 0.24705882352941178 0.3282789301045242 0.440393836162443 0.8356352153419315 0.0
-0.4955 0.0285 0.888459 0.20392156862745098 0.12941176470588237 0.08235294117647059 -0.3116539921651566 -0.21475268895350336 0.9256095676659574 0.0
-0.4955 0.0935 0.903413 0.3137254901960784 0.1843137254901961 0.14901960784313725 -0.435450429929894 -0.15552767569989343 0.8866758512360982 0.0
-0.4925 0.169871 0.8955 0.3843137254901961 0.17647058823529413 0.16862745098039217 0.17291404854001463 0.48213770271807554 0.8588620188570676 0.0
-0.4915 0.0755 0.902372 0.20392156862745098 0.12156862745098039 0.10980392156862745 -0.24285856506124276 -0.19026679715942407 0.9512193560241973 0.0
-0.4915 0.1355 0.908615 0.3686274509803922 0.2 0.16470588235294117 -0.19235815724911154 9.133375819270557e-05 0.981324783646001 0.0
-0.490872 0.1175 0.9075 0.29411764705882354 0.17647058823529413 0.14901960784313725 -0.3023052032631543 0.045541551488159644 0.9521226450243027 0.0
-0.4905 0.0115 0.884469 0.1843137254901961 0.10980392156862745 0.06274509803921569 -0.21813824356727696 -0.36872494164973996 0.9035804469435907 0.0
-0.4905 0.0405 0.893658 0.17647058823529413 0.11372549019607843 0.0784313725490196 -0.32318060250464625 -0.27567436169651655 0.9052943965738173 0.0
-0.4905 0.0575 0.898076 0.21176470588235294 0.12156862745098039 0.10196078431372549 -0.21250301147529818 -0.20587762114465075 0.9552260859219397 0.0
-0.4905 0.1025 0.906906 0.27450980392156865 0.16470588235294117 0.13725490196078433 -0.31576320943267155 -0.14244754684600433 0.9380843735860513 0.0
-0.4905 0.1465 0.909374 0.26666666666666666 0.14901960784313725 0.12941176470588237 0.1583222537014642 0.1443147933974829 0.9767841646901996 0.0
-0.4895 0.0345 0.892396 0.1568627450980392 0.10980392156862745 0.06666666666666667 -0.25699159344103745 -0.2759241685955571 0.9261863603430398 0.0
-0.4885 0.0905 0.905905 0.23921568627450981 0.13725490196078433 0.10196078431372549 -0.2084150709437031 -0.1054669665582649 0.9723373268411168 0.0
-0.487851 0.1595 0.9045 0.3568627450980392 0.16470588235294117 0.14901960784313725 0.06950623315349672 0.5887577612692769 0.8053155791973733 0.0
-0.4855 0.0245 0.889697 0.17647058823529413 0.10196078431372549 0.06666666666666667 -0.15857404980517903 -0.30664595149559837 0.938521460148751 0.0
-0.4855 0.0825 0.904782 0.23137254901960785 0.12156862745098039 0.09411764705882353 -0.16567622127515078 -0.27441167537667904 0.9472326124669438 0.0
-0.4835 0.1605 0.904862 0.3137254901960784 0.12156862745098039 0.11372549019607843 0.13402624826868073 0.289756193573654 0.947669938882061 0.0
-0.4785 0.0825 0.904523 0.1843137254901961 0.10196078431372549 0.08235294117647059 0.12404247994395372 -0.2637009607186259 0.9565956650985973 0.0
-0.4775 0.0125 0.886333 0.23137254901960785 0.10196078431372549 0.06274509803921569 -0.23870546794804248 -0.3728849264664447 0.8966473839731091 0.0
-0.4765 0.0545 0.898775 0.21176470588235294 0.12941176470588237 0.09411764705882353 0.06998836105290487 -0.15935968983907683 0.9847365731867186 0.0
-0.4765 0.0995 0.909055 0.20392156862745098 0.10196078431372549 0.0784313725490196 -0.1303197298188005 -0.13316005681401663 0.9824892708265279 0.0
-0.4765 0.1135 0.910295 0.29411764705882354 0.20392156862745098 0.1843137254901961 -0.05190226195401514 0.0189101708717397 0.9984731146313647 0.0
-0.4765 0.1405 0.909788 0.403921568627451 0.2196078431372549 0.17647058823529413 0.04426169738681072 0.23859437329059435 0.9701101108526324 0.0
-0.4765 0.1585 0.90378 0.403921568627451 0.2 0.21176470588235294 0.05095251297968222 0.473398840343766 0.8793732878489275 0.0
-0.4755 0.0265 0.891442 0.2196078431372549 0.10980392156862745 0.06666666666666667 -0.049829121974552096 -0.2928147586121316 0.9548699260853095 0.0
-0.4755 0.0645 0.900898 0.2 0.12156862745098039 0.09411764705882353 0.05726765849519206 -0.2293992370274572 0.9716462346665573 0.0
-0.4755 0.1155 0.909878 0.3137254901960784 0.22745098039215686 0.2 0.007773229327333414 0.03089721758520907 0.9994923405666083 0.0
-0.4755 0.146243 0.9075 0.33725490196078434 0.13725490196078433 0.12156862745098039 -0.15887876774491017 0.040441861720295236 0.9864694587165157 0.0
-0.4745 0.0185 0.889693 0.2196078431372549 0.10196078431372549 0.054901960784313725 -0.14306927780940207 -0.2649436227291494 0.9535911380262772 0.0
-0.4745 0.0735 0.902101 0.21176470588235294 0.12941176470588237 0.11372549019607843 0.2458138296886618 -0.18583790858304336 0.951335814981899 0.0
-0.4725 0.1615 0.902437 0.6 0.34901960784313724 0.33725490196078434 -0.03940990010560809 0.5008424811646346 0.8646407744459653 0.0
-0.4695 0.0855471 0.9045 0.1568627450980392 0.06666666666666667 0.0392156862745098 0.22235750732155896 -0.27374258923737366 0.9357468320947506 0.0
-0.4645 0.0195 0.889941 0.29411764705882354 0.1568627450980392 0.12156862745098039 -0.007016497175433079 -0.013432839418996432 0.9998851572018311 0.0
-0.4645 0.0315 0.892317 0.25882352941176473 0.14901960784313725 0.12156862745098039 0.4200222021023662 -0.25448494916948244 0.8711020378734545 0.0
-0.4645 0.0945 0.906655 0.20392156862745098 0.10196078431372549 0.06666666666666667 0.348672252579777 -0.3804764827235002 0.8565426471433271 0.0
-0.464226 0.0805 0.9015 0.16470588235294117 0.07058823529411765 0.043137254901960784 0.39982164659838304 -0.3643059724400855 0.8410849002067755 0.0
-0.4635 0.0445 0.891133 0.27450980392156865 0.14901960784313725 0.12156862745098039 0.4506600024455064 -0.060433333746469364 0.8906477274254418 0.0
-0.4635 0.155637 0.9045 0.5490196078431373 0.36470588235294116 0.34901960784313724 -0.06963257064995144 0.3680076350943773 0.9272117803484398 0.0
-0.4625 0.0250671 0.8895 0.24705882352941178 0.14901960784313725 0.10980392156862745 0.22887002859356245 -0.02924831561459164 0.9730174952411139 0.0
-0.4615 0.0625 0.893119 0.24705882352941178 0.13725490196078433 0.10196078431372549 0.4298995234183268 -0.1666440789170178 0.8873647224938539 0.0
-0.4615 0.0865 0.901182 0.16862745098039217 0.09411764705882353 0.06274509803921569 0.44955989358377735 -0.14002019206959565 0.8822075990909034 0.0
-0.4615 0.1455 0.907552 0.5098039215686274 0.32941176470588235 0.29411764705882354 0.1720081591522009 0.08093934850845808 0.98176474526645 0.0
-0.4615 0.1635 0.898841 0.32941176470588235 0.12156862745098039 0.12941176470588237 0.10945505567819554 0.5035070017537013 0.85702992361497 0.0
-0.4605 0.0105 0.886304 0.29411764705882354 0.14901960784313725 0.10196078431372549 0.23632457184986688 -0.06606026934172257 0.9694259835358634 0.0
-0.4605 0.1025 0.907918 0.19215686274509805 0.0784313725490196 0.06274509803921569 0.13396127740344477 -0.20690311622792024 0.9691467776614712 0.0
-0.4595 0.1155 0.907697 0.28627450980392155 0.16470588235294117 0.14901960784313725 0.08065973696955427 -0.040068295752100164 0.9959360112514882 0.0
-0.4595 0.1305 0.908125 0.42745098039215684 0.22745098039215686 0.1843137254901961 0.08927719229780627 -0.07271207969721293 0.993349151306592 0.0
-0.4555 0.141176 0.9045 0.4745098039215686 0.29411764705882354 0.26666666666666666 0.43769334570188856 -0.02927831241308335 0.8986474923742507 0.0
-0.4545 0.1115 0.904079 0.26666666666666666 0.12156862745098039 0.10196078431372549 0.3924741932061115 -0.11375654047143212 0.9127011872278809 0.0
-0.4525 0.1125 0.90499 0.3137254901960784 0.14901960784313725 0.12156862745098039 0.2967807947532402 -0.07555875835944711 0.9519516972519214 0.0
-0.4525 0.1465 0.904702 0.3137254901960784 0.14901960784313725 0.12156862745098039 0.38410328049342546 0.08979072891378105 0.9189136493247453 0.0
-0.4515 0.0985 0.901946 0.1568627450980392 0.07058823529411765 0.03137254901960784 0.26776973278049093 -0.4533145671820759 0.8501795536162887 0.0
-0.4515 0.1205 0.905093 0.39215686274509803 0.22745098039215686 0.1843137254901961 0.30226001932492375 -0.09516638912856619 0.9484630931659529 0.0
-0.4505 0.1305 0.904739 0.4196078431372549 0.23137254901960785 0.1843137254901961 0.3629707834257802 -0.14125541806970268 0.9210315506242057 0.0
-0.4455 0.1255 0.901769 0.3843137254901961 0.22745098039215686 0.16470588235294117 0.47472535007822303 -0.07834998721410583 0.876639675976771 0.0
-0.4445 0.1315 0.900788 0.3764705882352941 0.21176470588235294 0.17647058823529413 0.4364257668086614 0.01329900827266124 0.8996419768132408 0.0
-0.4445 0.1565 0.893863 0.4470588235294118 0.25882352941176473 0.23137254901960785 0.29633879963294374 0.36302972932207966 0.8833983990592487 0.0
-0.4375 0.1295 0.89523 0.36470588235294116 0.1843137254901961 0.13725490196078433 0.45339115942026226 0.048758127380998814 0.8899770230594993 0.0
-0.4365 0.1445 0.894343 0.29411764705882354 0.12156862745098039 0.09411764705882353 0.5634623947410733 0.14667112098739013 0.8130176578531104 0.0
-0.4365 0.1465 0.894167 0.32941176470588235 0.13725490196078433 0.10980392156862745 0.5238802948569081 0.2029456144443034 0.8272620589864272 0.0
