-0.493024 0.150687 0.902664 0.509804 0.501961 0.501961 -0.646247 0.231384 0.727204 0.024722
-0.492263 0.086878 0.950040 0.564706 0.564706 0.556863 -0.414908 0.521977 0.745246 0.196988
-0.489720 0.095891 0.945377 0.568627 0.564706 0.576471 -0.280184 0.498554 0.820329 0.184681
-0.489989 0.159773 0.902301 0.501961 0.509804 0.494118 -0.560987 0.313586 0.766131 0.082972
-0.488556 0.077851 0.956126 0.576471 0.576471 0.592157 -0.075446 0.470556 0.879139 0.070686
-0.488120 0.107935 0.938090 0.584314 0.576471 0.592157 -0.364262 0.553092 0.749268 0.118582
-0.488088 0.155775 0.905173 0.529412 0.537255 0.529412 -0.552667 0.314660 0.771718 0.072800
-0.487619 0.099909 0.943533 0.549020 0.537255 0.537255 -0.147369 0.505600 0.850089 0.145632
-0.488042 0.179761 0.895463 0.529412 0.529412 0.529412 -0.615089 0.296290 0.730669 0.065576
-0.486848 0.115898 0.932946 0.564706 0.564706 0.576471 -0.438818 0.502292 0.745078 0.097187
-0.487166 0.184833 0.894380 0.521569 0.537255 0.529412 -0.599815 0.299703 0.741889 0.081037
-0.485906 0.162850 0.903385 0.521569 0.521569 0.501961 -0.429088 0.369474 0.824240 0.051939
-0.484855 0.124909 0.927969 0.556863 0.556863 0.576471 -0.435703 0.502342 0.746870 0.163274
-0.484893 0.127827 0.926089 0.549020 0.549020 0.576471 -0.488249 0.476020 0.731449 0.098094
-0.482885 0.170805 0.901563 0.556863 0.564706 0.568627 -0.397850 0.315062 0.861656 0.076657
-0.479715 0.097926 0.945528 0.611765 0.603922 0.631373 -0.286191 0.565622 0.773412 0.069358
-0.479408 0.127921 0.927606 0.564706 0.549020 0.556863 0.105790 0.482752 0.869344 0.232002
-0.478503 0.108971 0.937282 0.611765 0.619608 0.639216 -0.003590 0.584641 0.811284 0.187681
-0.478527 0.149061 0.915195 0.537255 0.537255 0.529412 -0.029286 0.604520 0.796052 0.263171
-0.478686 0.158972 0.908462 0.584314 0.600000 0.603922 -0.190404 0.484145 0.854020 0.082047
-0.478802 0.172778 0.902641 0.564706 0.576471 0.576471 -0.305743 0.281290 0.909614 0.051169
-0.478915 0.189806 0.897538 0.541176 0.564706 0.564706 -0.416977 0.307817 0.855207 0.079156
-0.477584 0.075430 0.959139 0.584314 0.576471 0.592157 -0.117511 0.431787 0.894288 0.023478
-0.477667 0.104960 0.941085 0.603922 0.603922 0.627451 -0.217700 0.612251 0.760102 0.102262
-0.477456 0.113916 0.934487 0.600000 0.603922 0.631373 0.052921 0.501646 0.863453 0.176402
-0.477265 0.135317 0.923232 0.513725 0.513725 0.521569 0.275331 0.435598 0.856999 0.180398
-0.477392 0.145987 0.917451 0.513725 0.521569 0.521569 0.117612 0.531659 0.838753 0.235361
-0.477754 0.167843 0.904572 0.564706 0.584314 0.603922 -0.256866 0.346535 0.902183 0.062111
-0.475651 0.087850 0.953680 0.592157 0.592157 0.611765 -0.205528 0.474465 0.855944 0.082078
-0.473666 0.171802 0.904274 0.576471 0.600000 0.603922 -0.165768 0.301756 0.938863 0.082967
-0.469607 0.111100 0.938068 0.611765 0.627451 0.654902 -0.140200 0.655896 0.741717 0.079972
-0.468626 0.182702 0.902423 0.549020 0.564706 0.584314 -0.123444 0.198041 0.972389 0.029370
-0.466716 0.105956 0.943448 0.584314 0.592157 0.619608 -0.300923 0.634900 0.711581 0.201802
-0.466595 0.121963 0.930930 0.619608 0.631373 0.658824 -0.115457 0.563240 0.818188 0.024796
-0.466592 0.158917 0.910126 0.600000 0.619608 0.639216 -0.096521 0.435580 0.894960 0.051204
-0.465474 0.080745 0.957910 0.592157 0.592157 0.592157 0.037763 0.349592 0.936141 0.086718
-0.465501 0.091851 0.952628 0.603922 0.603922 0.631373 -0.000855 0.480568 0.876957 0.074119
-0.465517 0.095877 0.950512 0.611765 0.611765 0.631373 -0.022708 0.509350 0.860260 0.068162
-0.465558 0.128942 0.926525 0.603922 0.631373 0.647059 -0.067976 0.518616 0.852301 0.045803
-0.465643 0.139915 0.920570 0.603922 0.627451 0.639216 -0.161209 0.467040 0.869417 0.052887
-0.465572 0.165856 0.907055 0.600000 0.619608 0.631373 -0.073501 0.364394 0.928340 0.054960
-0.464745 0.184691 0.902486 0.584314 0.611765 0.611765 -0.070493 0.189814 0.979286 0.016012
-0.464521 0.124723 0.928866 0.619608 0.631373 0.658824 -0.046320 0.569420 0.820741 0.075126
-0.464536 0.173740 0.904817 0.592157 0.619608 0.619608 -0.036467 0.243636 0.969181 0.059000
-0.463568 0.148945 0.915675 0.564706 0.584314 0.592157 -0.074276 0.486536 0.870498 0.049802
-0.456443 0.183678 0.903181 0.564706 0.592157 0.592157 0.058496 0.181831 0.981588 0.035345
-0.454393 0.091818 0.951529 0.611765 0.619608 0.639216 0.154551 0.459708 0.874519 0.031713
-0.454396 0.124903 0.928511 0.611765 0.631373 0.654902 0.130544 0.503536 0.854055 0.055820
-0.454396 0.147947 0.916368 0.592157 0.619608 0.639216 0.119052 0.511157 0.851202 0.067960
-0.453197 0.105401 0.943925 0.611765 0.619608 0.619608 0.502117 0.502889 0.703549 0.230803
-0.453459 0.111587 0.941043 0.658824 0.682353 0.686275 0.216664 0.457574 0.862371 0.152482
-0.453479 0.175713 0.903956 0.556863 0.592157 0.603922 0.022262 0.221076 0.975002 0.039703
-0.453429 0.188699 0.901715 0.568627 0.600000 0.600000 0.071773 0.200495 0.977062 0.051437
-0.452380 0.078690 0.956690 0.568627 0.568627 0.576471 0.185938 0.294135 0.937503 0.031975
-0.452410 0.133878 0.923474 0.611765 0.631373 0.654902 0.108482 0.453903 0.884423 0.060626
-0.452421 0.136876 0.922088 0.611765 0.631373 0.639216 0.093751 0.444279 0.890970 0.077517
-0.452353 0.154912 0.912251 0.603922 0.639216 0.639216 0.166011 0.463786 0.870254 0.069755
-0.452424 0.161877 0.908835 0.611765 0.631373 0.639216 0.081781 0.406906 0.909802 0.045854
-0.451404 0.093839 0.950095 0.603922 0.619608 0.647059 0.138491 0.485436 0.863234 0.096738
-0.451313 0.117841 0.931795 0.611765 0.627451 0.639216 0.249634 0.454330 0.855141 0.065652
-0.450439 0.180714 0.902855 0.564706 0.592157 0.592157 0.062754 0.221718 0.973089 0.074460
-0.447356 0.106841 0.937963 0.627451 0.647059 0.674510 0.364223 0.553153 0.749242 0.361507
-0.447203 0.147473 0.914116 0.600000 0.611765 0.627451 0.379628 0.486454 0.786921 0.042078
-0.445320 0.087752 0.951180 0.592157 0.592157 0.603922 0.282000 0.395458 0.874122 0.017298
-0.444315 0.099876 0.943986 0.603922 0.611765 0.631373 0.286972 0.583782 0.759503 0.097641
-0.444406 0.123878 0.926872 0.603922 0.627451 0.639216 0.120648 0.484166 0.866618 0.117668
-0.444398 0.176689 0.903150 0.576471 0.603922 0.611765 0.109760 0.202868 0.973035 0.100462
-0.442299 0.080752 0.953051 0.564706 0.564706 0.568627 0.327081 0.301270 0.895687 0.108134
-0.441253 0.095792 0.945363 0.592157 0.603922 0.619608 0.409988 0.484427 0.772813 0.126075
-0.441422 0.119952 0.928897 0.474510 0.494118 0.494118 0.068145 0.397382 0.915120 0.096076
-0.441665 0.135294 0.922457 0.466667 0.458824 0.439216 -0.094804 0.456730 0.884540 0.238604
-0.441804 0.143410 0.916194 0.521569 0.521569 0.513725 -0.192161 0.574730 0.795462 0.221821
-0.441250 0.148010 0.914121 0.529412 0.537255 0.537255 0.095434 0.577440 0.810836 0.300123
-0.441359 0.154812 0.909306 0.584314 0.603922 0.603922 0.162209 0.359185 0.919061 0.063553
-0.441305 0.160755 0.907472 0.592157 0.611765 0.619608 0.224021 0.293022 0.929491 0.061511
-0.441046 0.188813 0.898699 0.564706 0.600000 0.603922 0.405499 0.279756 0.870234 0.059259
-0.439874 0.176673 0.902258 0.568627 0.603922 0.603922 0.391316 0.205302 0.897064 0.131242
-0.438258 0.086706 0.948618 0.568627 0.584314 0.592157 0.419739 0.356606 0.834657 0.091099
-0.438354 0.102248 0.938012 0.549020 0.564706 0.576471 0.220336 0.591799 0.775388 0.214883
-0.436193 0.167741 0.902672 0.564706 0.592157 0.600000 0.369564 0.290249 0.882710 0.084741
-0.435141 0.138892 0.916934 0.482353 0.482353 0.482353 0.582620 0.406047 0.704046 0.116863
-0.435119 0.122812 0.926005 0.513725 0.521569 0.537255 0.438060 0.472420 0.764802 0.197189
-0.434383 0.131755 0.919914 0.537255 0.564706 0.564706 0.564094 0.433722 0.702626 0.157321
-0.434302 0.076652 0.950805 0.549020 0.549020 0.549020 0.353041 0.270057 0.895785 0.071442
-0.434375 0.109802 0.933236 0.568627 0.600000 0.592157 0.176931 0.425364 0.887559 0.385713
-0.434269 0.113793 0.930918 0.564706 0.584314 0.592157 0.341559 0.433305 0.834017 0.316700
-0.434086 0.154849 0.907696 0.501961 0.513725 0.501961 0.430023 0.361929 0.827096 0.310612
-0.434075 0.159842 0.904825 0.564706 0.564706 0.556863 0.511686 0.411540 0.754197 0.137486
-0.433426 0.100902 0.939174 0.549020 0.556863 0.556863 0.070764 0.382997 0.921035 0.493224
-0.433126 0.145659 0.910984 0.521569 0.549020 0.549020 0.568123 0.370034 0.735058 0.362406
-0.432799 0.184762 0.896105 0.529412 0.564706 0.556863 0.568481 0.212338 0.794822 0.119390
-0.432311 0.078659 0.949656 0.521569 0.521569 0.521569 0.332021 0.278702 0.901159 0.044838
-0.432324 0.088768 0.946293 0.474510 0.474510 0.458824 0.289011 0.439152 0.850657 0.093840
-0.432084 0.166666 0.901134 0.549020 0.568627 0.576471 0.614031 0.245481 0.750137 0.175944
-0.432074 0.173690 0.899029 0.541176 0.568627 0.568627 0.605041 0.262274 0.751756 0.114617
-0.431241 0.099185 0.937908 0.564706 0.584314 0.592157 0.457148 0.522616 0.719645 0.246582
