-0.5955 0.1305 0.923376 0.447058823529 0.0313725490196 0.0 -0.462178380992 -0.169308169654 0.870474518772 0.0437175198835
-0.5935 0.1675 0.909606 0.537254901961 0.0313725490196 0.0 -0.179428225522 0.0604661793602 0.981911071859 0.0892922287799
-0.5915 0.110417 0.917 0.392156862745 0.0313725490196 0.0 -0.265240632942 -0.49007196451 0.830347443085 0.129115634671
-0.5905 0.0275 0.909314 0.36862745098 0.043137254902 0.0 -0.100061515106 -0.00317133165461 0.994976198635 0.0389500865356
-0.5895 0.0415 0.909355 0.576470588235 0.0509803921569 0.0 -0.0601146557758 0.0190496906882 0.998009688052 0.0142624480285
-0.5895 0.0765 0.918027 0.576470588235 0.0549019607843 0.0 -0.137315446438 -0.0670001999422 0.988258792714 0.0435932159415
-0.5895 0.1055 0.916578 0.509803921569 0.0156862745098 0.0 -0.116293895441 0.0246514275834 0.992908876484 0.231860629907
-0.5885 0.0005 0.906972 0.494117647059 0.0627450980392 0.0 -0.196930682734 -0.167184130658 0.966057851608 0.0350859748228
-0.5885 0.1785 0.910435 0.43137254902 0.078431372549 0.0 -0.0927568374207 -0.0433877791535 0.99474301693 0.0359129965318
-0.5865 0.1345 0.928172 0.447058823529 0.043137254902 0.00392156862745 -0.362719443192 -0.201928459062 0.90975793646 0.0672218001672
-0.5835 0.1565 0.926938 0.58431372549 0.0823529411765 0.043137254902 -0.318422479499 0.413881931777 0.852824056355 0.120959604569
-0.5825 0.1225 0.925884 0.521568627451 0.0392156862745 0.0 -0.203024114735 -0.272413481478 0.940516934427 0.024552536401
-0.5695 0.109585 0.923 0.376470588235 0.0666666666667 0.00392156862745 -0.13153969191 -0.556769019485 0.820186301028 0.13964359663
-0.5685 0.0945 0.918513 0.341176470588 0.203921568627 0.043137254902 0.0178698502876 0.138495002579 0.990201899974 0.0308665257847
-0.5685 0.165738 0.925 0.576470588235 0.0549019607843 0.0156862745098 -0.0595962568389 0.585618952345 0.808392682318 0.108330737139
-0.5685 0.1765 0.910596 0.549019607843 0.164705882353 0.043137254902 -0.0707235143478 0.265694735529 0.961459563388 0.306848624524
-0.568354 0.0805 0.919 0.58431372549 0.556862745098 0.0549019607843 0.0564219243833 -0.0595871149275 0.996627283483 0.0617547854225
-0.5675 -0.0135 0.90805 0.337254901961 0.137254901961 0.0078431372549 -0.0827242617907 -0.121381047237 0.989152838485 0.0479124717129
-0.5675 0.1475 0.930814 0.58431372549 0.0509803921569 0.0 0.00161225101473 0.095002605685 0.995475718217 0.0774429244357
-0.5665 0.0175 0.910497 0.521568627451 0.121568627451 0.0313725490196 -0.120071103919 0.00293876663815 0.992760944868 0.0654019405393
-0.5665 0.0595 0.91032 0.329411764706 0.18431372549 0.0078431372549 0.291312125218 -0.3603762913 0.88615245549 0.203817984258
-0.5665 0.1275 0.929532 0.556862745098 0.0549019607843 0.0 -0.0614128293392 -0.214593733578 0.974770739149 0.0221385017534
-0.5655 0.0195 0.910634 0.576470588235 0.121568627451 0.0196078431373 -0.163023830793 0.0163238141385 0.986487082371 0.0780729207359
-0.5585 0.1665 0.924346 0.6 0.0705882352941 0.043137254902 -0.00076843777789 0.591844621369 0.806051706567 0.0296698187071
-0.5515 0.1665 0.924847 0.603921568627 0.078431372549 0.0313725490196 -0.0645026952318 0.577457426 0.813868738474 0.110659364077
-0.5465 0.1085 0.924819 0.329411764706 0.0549019607843 0.0 -0.0307902953546 -0.502802099412 0.863853000538 0.136794986555
-0.545809 -0.0145 0.911 0.247058823529 0.0901960784314 0.043137254902 -0.305602507696 0.113634957891 0.945354009689 0.0997663785269
-0.5455 0.0345 0.916098 0.556862745098 0.0627450980392 0.0078431372549 -0.0275206955829 -0.403882599337 0.914396772341 0.173035844094
-0.5455 0.0475 0.917641 0.576470588235 0.0549019607843 0.0 -0.0613560140413 0.0552280169177 0.996586827973 0.0386401145075
-0.54524 0.1085 0.925 0.313725490196 0.043137254902 0.0 -0.0215670555191 -0.492387323159 0.870108950711 0.133340512282
-0.544519 0.0135 0.917 0.576470588235 0.0549019607843 0.0 -0.0526466646445 -0.03221617091 0.998093405966 0.107984028179
-0.5445 0.0715 0.910254 0.364705882353 0.0705882352941 0.0 -0.00753350619688 0.0926267974451 0.995672397267 0.39615648757
-0.5445 0.1065 0.923844 0.4 0.0549019607843 0.00392156862745 -0.0203195686062 -0.591063291436 0.806369208644 0.129047392675
-0.5445 0.1305 0.931088 0.58431372549 0.0549019607843 0.0 0.064539501066 -0.125598048096 0.989979688234 0.039813661308
-0.5445 0.1525 0.930225 0.611764705882 0.0666666666667 0.0078431372549 0.0445184944533 0.193232543356 0.980142483438 0.0355931263799
-0.5445 0.1795 0.911677 0.43137254902 0.078431372549 0.0 0.00405621390051 0.00668791976129 0.999969408961 0.242524496321
-0.5235 0.0595 0.917826 0.56862745098 0.0549019607843 0.0 -0.0378685993472 0.116779371697 0.992435664177 0.03288540115
-0.5235 0.0755 0.913263 0.541176470588 0.0823529411765 0.0549019607843 -0.210401695681 0.51084118322 0.833530090627 0.151445177749
-0.5235 0.1135 0.92553 0.427450980392 0.043137254902 0.0 0.107532376641 -0.330332765849 0.937719068688 0.0307438497109
-0.5235 0.1565 0.928036 0.494117647059 0.0901960784314 0.0313725490196 0.117263858344 0.269385207533 0.955866516564 0.0392265524302
-0.522513 0.0075 0.917 0.294117647059 0.0509803921569 0.0156862745098 -0.0342621654817 -0.0966410626535 0.99472941498 0.0151030941386
-0.5225 -0.0045 0.914388 0.556862745098 0.0549019607843 0.0 -0.0379973813601 -0.422064402302 0.905769197599 0.0445227325633
-0.5225 0.0205 0.916223 0.576470588235 0.078431372549 0.0196078431373 -0.00692976008977 0.351339328521 0.936222545477 0.103192532991
-0.5225 0.0935 0.917158 0.576470588235 0.0549019607843 0.0 -0.00321351479696 -0.0242247776978 0.999701372145 0.0669450130985
-0.5225 0.1315 0.929371 0.376470588235 0.274509803922 0.258823529412 0.103297195923 -0.0821502979774 0.99125224734 0.0703211320671
-0.5215 0.1765 0.910974 0.466666666667 0.0941176470588 0.0509803921569 0.10542253732 0.28415901014 0.952963664355 0.115008547946
-0.5205 0.1645 0.923688 0.486274509804 0.0823529411765 0.078431372549 0.19332684569 0.564363998738 0.802569627923 0.0471154860325
-0.5185 0.1085 0.922899 0.392156862745 0.0509803921569 0.0 0.151698163459 -0.42989516297 0.890043715813 0.0790304780834
-0.5095 0.1515 0.925485 0.466666666667 0.658823529412 0.694117647059 0.323488968966 0.184710509278 0.928028509648 0.0324564109999
-0.5085 0.1265 0.925215 0.494117647059 0.654901960784 0.647058823529 0.314858199795 -0.0928968846829 0.944581644347 0.0315384666359
-0.5065 0.1365 0.925375 0.494117647059 0.674509803922 0.686274509804 0.348656115275 -0.0734413259758 0.934368923349 0.0264807879945
-0.5015 -0.0135 0.911175 0.392156862745 0.078431372549 0.0274509803922 0.00832716269081 -0.0667969061932 0.997731843575 0.128351382347
-0.5015 0.0825 0.910745 0.376470588235 0.0313725490196 0.0 0.0674467523471 -0.574646273649 0.815617922669 0.357728971968
-0.5005 0.0295 0.912063 0.43137254902 0.0627450980392 0.0156862745098 -0.0303474499764 -0.0152950979784 0.999422379306 0.126649952215
-0.5005 0.0495 0.912654 0.356862745098 0.0666666666667 0.0078431372549 -0.0577646570064 -0.012537637775 0.998251497389 0.410743524601
-0.5005 0.0859059 0.915 0.419607843137 0.0549019607843 0.0078431372549 -0.0294859178868 -0.436465152682 0.89923787239 0.186528615656
-0.5005 0.112458 0.921 0.458823529412 0.0666666666667 0.0313725490196 0.0193135510748 -0.217348186737 0.975903044604 0.177363782133
-0.5005 0.16073 0.919 0.619607843137 0.0549019607843 0.0274509803922 0.106060240098 0.494155572724 0.862879768807 0.291807756638
-0.5005 0.1765 0.910301 0.494117647059 0.113725490196 0.0 0.0120978573583 0.0370324710458 0.999240830799 0.0686033444308
-0.4995 0.1395 0.923078 0.447058823529 0.603921568627 0.627450980392 -0.00486700270998 -0.00301685283863 0.999983605307 0.186152414069
-0.499496 0.0115 0.913 0.376470588235 0.078431372549 0.0313725490196 -0.285780450663 0.008573480138 0.958256765933 0.343933559295
-0.4875 0.1725 0.909434 0.564705882353 0.164705882353 0.078431372549 0.0610871145357 -0.159731266738 0.985268636903 0.190153602569
-0.4865 0.1145 0.924698 0.494117647059 0.0313725490196 0.0 -0.253586970506 -0.249011521746 0.934712207274 0.0439694363769
-0.4805 0.105919 0.923 0.439215686275 0.0509803921569 0.0078431372549 -0.187582617078 -0.504538590464 0.842765431483 0.102914654973
-0.4805 0.1755 0.911549 0.458823529412 0.121568627451 0.0666666666667 -0.108075084336 0.00201201391254 0.994140698265 0.290362908957
-0.4795 -0.0185 0.914376 0.349019607843 0.0901960784314 0.0313725490196 0.0204010251039 0.197471107051 0.980096403449 0.183072715637
-0.4795 0.0145 0.917533 0.537254901961 0.0509803921569 0.00392156862745 -0.000994809050077 0.110510193523 0.993874492822 0.125539511184
-0.4795 0.0405 0.918546 0.537254901961 0.043137254902 0.0 -0.0516490994369 -0.171888259299 0.983761554871 0.0825285365006
-0.4795 0.0825 0.913527 0.321568627451 0.043137254902 0.0 -0.0471435123103 -0.589185643319 0.806621204131 0.183704907065
-0.4795 0.1505 0.929231 0.282352941176 0.0549019607843 0.0078431372549 -0.242084351356 0.140851722282 0.959977061788 0.097374977527
-0.4785 0.0555 0.918952 0.513725490196 0.0549019607843 0.0 0.0132526788025 0.0666753295417 0.997686707807 0.0411792209149
-0.4775 0.1185 0.928388 0.294117647059 0.0509803921569 0.0 -0.207985062493 -0.300175258008 0.930933417737 0.0479463083276
-0.476817 0.1545 0.929 0.537254901961 0.0509803921569 0.0078431372549 -0.116466525642 0.219202753497 0.968703102743 0.126206249959
-0.4705 0.106297 0.925 0.486274509804 0.043137254902 0.0 -0.0977964543325 -0.505625395981 0.857192401074 0.0966954998074
-0.4625 0.1665 0.924455 0.58431372549 0.0509803921569 0.0078431372549 -0.0855963033304 0.573668665379 0.814602685497 0.092859759738
-0.4575 0.0695 0.913139 0.38431372549 0.043137254902 0.00392156862745 0.0186911178452 -0.0111388453904 0.999763256095 0.261213179483
-0.4575 0.0885 0.919351 0.337254901961 0.078431372549 0.043137254902 -0.0653124528529 -0.010869165914 0.997805664814 0.0557603723403
-0.4575 0.1245 0.93111 0.549019607843 0.0392156862745 0.0 0.00634219174903 -0.117433917576 0.993060447106 0.038569478511
-0.4575 0.1445 0.931563 0.36862745098 0.0549019607843 0.0078431372549 -0.00430660455549 0.0598793099622 0.998196334092 0.0170438791545
-0.4575 0.1545 0.930457 0.58431372549 0.043137254902 0.0 -0.0357409614431 0.199348723242 0.97927660557 0.0308891059392
-0.4565 -0.0125 0.911415 0.458823529412 0.0549019607843 0.00392156862745 -0.0433881551646 0.214445527778 0.975771788692 0.23283684096
-0.4565 0.0085 0.91753 0.541176470588 0.043137254902 0.0 0.00821804916612 -0.0810042405141 0.996679876734 0.0321290081175
-0.4565 0.0205 0.91584 0.501960784314 0.0549019607843 0.0078431372549 0.0532723229095 0.366942885719 0.928716845024 0.02751304686
-0.4565 0.0475 0.919172 0.537254901961 0.043137254902 0.0 0.018323000151 0.0190968610771 0.999649727436 0.035196333692
-0.4565 0.1065 0.926474 0.501960784314 0.043137254902 0.0 -0.0515983224808 -0.419941377651 0.906083248081 0.103012959528
-0.4555 0.1775 0.912368 0.486274509804 0.078431372549 0.0078431372549 -0.167572954969 -0.103088077615 0.980455074451 0.259840225724
-0.4375 0.1055 0.925777 0.419607843137 0.0392156862745 0.0 0.0550990908986 -0.50320709831 0.862407505993 0.133925371735
-0.4355 0.0305 0.912457 0.411764705882 0.0549019607843 0.0 0.0615250531427 -0.134971696872 0.988937464595 0.231494690565
-0.4355 0.152678 0.931 0.576470588235 0.0509803921569 0.0 0.00208751288089 0.19014049954 0.981754670335 0.0642314557637
-0.434575 0.0495 0.913 0.4 0.427450980392 0.0549019607843 0.220445999921 0.136066499801 0.965862034015 0.186004182064
-0.4345 -0.0155 0.909217 0.501960784314 0.0509803921569 0.0 0.0870516326411 -0.142159624959 0.986008445342 0.0224872128854
-0.4345 0.0025 0.911858 0.537254901961 0.0313725490196 0.0 -0.00872741222285 -0.0655681850961 0.997809924474 0.0297302193017
-0.4345 0.066549 0.919 0.482352941176 0.458823529412 0.0078431372549 -0.232201365928 -0.317679424493 0.919327095715 0.123330517
-0.4345 0.1135 0.929092 0.23137254902 0.0549019607843 0.0078431372549 0.0574417890492 -0.197722340326 0.978573613484 0.0913325681565
-0.4345 0.1335 0.931914 0.556862745098 0.043137254902 0.0 0.0154605995115 -0.0647199257105 0.997783694534 0.0291506956843
-0.4345 0.1685 0.922877 0.6 0.0196078431373 0.0 0.0115828205287 0.551485357203 0.834104153604 0.0635164798731
-0.4335 0.0905 0.920737 0.541176470588 0.0509803921569 0.0 -0.0191782688899 0.0821623583079 0.996434413737 0.0314282840564
-0.4195 -0.0045 0.908651 0.513725490196 0.0666666666667 0.0 0.302515031634 -0.257645085327 0.917662065056 0.110350765095
-0.4195 0.156818 0.929 0.603921568627 0.101960784314 0.0705882352941 0.275983913627 0.486153186769 0.829148936207 0.145791082387
-0.4145 0.0405 0.91076 0.549019607843 0.0392156862745 0.0 0.0551593216208 -0.0156472633937 0.998354953104 0.0268937103678
-0.4145 0.1175 0.92857 0.549019607843 0.0509803921569 0.0 0.0913811137455 -0.268418511067 0.958958286354 0.085402686693
-0.4145 0.1475 0.930247 0.603921568627 0.0666666666667 0.0 0.18923248406 0.177712355614 0.965717031867 0.0790080429225
-0.4135 0.0115 0.909804 0.521568627451 0.501960784314 0.0078431372549 0.240153692528 -0.110976005047 0.964370535774 0.0826063859149
-0.4135 0.0415 0.910607 0.529411764706 0.0313725490196 0.0 0.0546037301493 -0.0366481675992 0.997835329333 0.0423162408101
-0.4125 0.0735 0.920849 0.38431372549 0.0509803921569 0.0 0.0545011448925 -0.0822185689725 0.995122973366 0.0696277789011
-0.4125 0.0995 0.920144 0.556862745098 0.0509803921569 0.0 -0.0533283064818 0.0900709686106 0.994506567269 0.0968393189239
-0.4125 0.1735 0.91152 0.541176470588 0.0549019607843 0.00392156862745 -0.00303885103338 -0.0801427212542 0.996778766635 0.0397611215947
-0.4095 0.1685 0.910815 0.439215686275 0.0549019607843 0.0 0.0586386559698 -0.0341449272501 0.99769515984 0.0556438597856
-0.4045 0.108061 0.921 0.356862745098 0.0666666666667 0.0 0.2142843507 -0.53111944481 0.81975261658 0.238113259162
-0.4015 0.1225 0.924904 0.603921568627 0.0666666666667 0.0 0.535607880879 -0.160115948733 0.829148407043 0.12316557116
-0.4015 0.1405 0.926684 0.611764705882 0.078431372549 0.0 0.530477360994 0.0193658471035 0.847477866046 0.0802379536615
-0.401061 0.1665 0.911 0.501960784314 0.043137254902 0.0 0.00182539592719 -0.0367720837774 0.999322011058 0.0342585192189
-0.400683 0.1245 0.925 0.603921568627 0.078431372549 0.0 0.566906019892 -0.162310959849 0.807634024125 0.119785665912
-0.4005 0.0645 0.917323 0.564705882353 0.0549019607843 0.0 0.428571671727 -0.201663084835 0.880714665717 0.104482955312
-0.4005 0.0865 0.920415 0.592156862745 0.0627450980392 0.0 0.378830700276 -0.0352675428498 0.924793761306 0.0811162400281
-0.4005 0.1735 0.911555 0.592156862745 0.043137254902 0.0 -0.0508679314856 -0.164505077721 0.985063720249 0.0322452928298
