-0.5955 0.1305 0.923376 0.4470588235294118 0.03137254901960784 0.0 -0.4621783809921206 -0.16930816965357653 0.8704745187724094 0.0
-0.5935 0.1675 0.909606 0.5372549019607843 0.03137254901960784 0.0 -0.17942822552193105 0.06046617936016894 0.9819110718591755 0.0
-0.5915 0.110417 0.917 0.39215686274509803 0.03137254901960784 0.0 -0.2652406329423969 -0.49007196450969165 0.8303474430850787 0.0
-0.5905 0.0275 0.909314 0.3686274509803922 0.043137254901960784 0.0 -0.1000615151055584 -0.003171331654609811 0.9949761986350812 0.0
-0.5895 0.0415 0.909355 0.5764705882352941 0.050980392156862744 0.0 -0.06011465577581217 0.019049690688232875 0.9980096880519939 0.0
-0.5895 0.0765 0.918027 0.5764705882352941 0.054901960784313725 0.0 -0.13731544643806914 -0.06700019994217644 0.9882587927143487 0.0
-0.5895 0.1055 0.916578 0.5098039215686274 0.01568627450980392 0.0 -0.11629389544086292 0.024651427583437267 0.9929088764842865 0.0
-0.5885 0.0005 0.906972 0.49411764705882355 0.06274509803921569 0.0 -0.19693068273354297 -0.16718413065773377 0.9660578516084419 0.0
-0.5885 0.1785 0.910435 0.43137254901960786 0.0784313725490196 0.0 -0.0927568374206766 -0.04338777915346854 0.9947430169304251 0.0
-0.5865 0.1345 0.928172 0.4470588235294118 0.043137254901960784 0.00392156862745098 -0.36271944319166555 -0.20192845906184392 0.9097579364598243 0.0
-0.5835 0.1565 0.926938 0.5843137254901961 0.08235294117647059 0.043137254901960784 -0.31842247949861396 0.41388193177748944 0.8528240563551713 0.0
-0.5825 0.1225 0.925884 0.5215686274509804 0.0392156862745098 0.0 -0.2030241147354806 -0.27241348147831695 0.9405169344274121 0.0
-0.5695 0.109585 0.923 0.3764705882352941 0.06666666666666667 0.00392156862745098 -0.13153969190994083 -0.556769019485269 0.8201863010277909 0.0
-0.5685 0.0945 0.918513 0.3411764705882353 0.20392156862745098 0.043137254901960784 0.017869850287588838 0.138495002579285 0.9902018999735674 0.0
-0.5685 0.165738 0.925 0.5764705882352941 0.054901960784313725 0.01568627450980392 -0.05959625683891823 0.5856189523450878 0.8083926823178395 0.0
-0.5685 0.1765 0.910596 0.5490196078431373 0.16470588235294117 0.043137254901960784 -0.07072351434776114 0.2656947355290349 0.9614595633881116 0.0
-0.568354 0.0805 0.919 0.5843137254901961 0.5568627450980392 0.054901960784313725 0.0564219243833237 -0.0595871149274934 0.9966272834833995 0.0
-0.5675 -0.0135 0.90805 0.33725490196078434 0.13725490196078433 0.00784313725490196 -0.08272426179073673 -0.12138104723670921 0.9891528384849821 0.0
-0.5675 0.1475 0.930814 0.5843137254901961 0.050980392156862744 0.0 0.0016122510147289725 0.0950026056849537 0.9954757182170416 0.0
-0.5665 0.0175 0.910497 0.5215686274509804 0.12156862745098039 0.03137254901960784 -0.12007110391944871 0.0029387666381452873 0.9927609448675001 0.0
-0.5665 0.0595 0.91032 0.32941176470588235 0.1843137254901961 0.00784313725490196 0.2913121252179412 -0.3603762912995808 0.8861524554895541 0.0
-0.5665 0.1275 0.929532 0.5568627450980392 0.054901960784313725 0.0 -0.06141282933923806 -0.2145937335781763 0.974770739149226 0.0
-0.5655 0.0195 0.910634 0.5764705882352941 0.12156862745098039 0.0196078431372549 -0.16302383079317567 0.016323814138489698 0.9864870823713253 0.0
-0.5585 0.1665 0.924346 0.6 0.07058823529411765 0.043137254901960784 -0.0007684377778895481 0.591844621369359 0.8060517065669803 0.0
-0.5515 0.1665 0.924847 0.6039215686274509 0.0784313725490196 0.03137254901960784 -0.064502695231784 0.5774574260002595 0.8138687384738342 0.0
-0.5465 0.1085 0.924819 0.32941176470588235 0.054901960784313725 0.0 -0.030790295354558538 -0.5028020994120395 0.8638530005381845 0.0
-0.545809 -0.0145 0.911 0.24705882352941178 0.09019607843137255 0.043137254901960784 -0.3056025076964988 0.11363495789056208 0.9453540096888687 0.0
-0.5455 0.0345 0.916098 0.5568627450980392 0.06274509803921569 0.00784313725490196 -0.027520695582880953 -0.40388259933713255 0.9143967723408235 0.0
-0.5455 0.0475 0.917641 0.5764705882352941 0.054901960784313725 0.0 -0.06135601404127397 0.05522801691771648 0.9965868279725072 0.0
-0.54524 0.1085 0.925 0.3137254901960784 0.043137254901960784 0.0 -0.02156705551913579 -0.4923873231593511 0.8701089507114631 0.0
-0.544519 0.0135 0.917 0.5764705882352941 0.054901960784313725 0.0 -0.0526466646445272 -0.03221617090996423 0.9980934059664489 0.0
-0.5445 0.0715 0.910254 0.36470588235294116 0.07058823529411765 0.0 -0.007533506196882797 0.09262679744514854 0.9956723972670112 0.0
-0.5445 0.1065 0.923844 0.4 0.054901960784313725 0.00392156862745098 -0.020319568606235634 -0.5910632914360116 0.8063692086435871 0.0
-0.5445 0.1305 0.931088 0.5843137254901961 0.054901960784313725 0.0 0.06453950106599743 -0.12559804809580774 0.9899796882343976 0.0
-0.5445 0.1525 0.930225 0.611764705882353 0.06666666666666667 0.00784313725490196 0.04451849445334146 0.19323254335629034 0.980142483437825 0.0
-0.5445 0.1795 0.911677 0.43137254901960786 0.0784313725490196 0.0 0.004056213900506619 0.00668791976128934 0.9999694089611241 0.0
-0.5235 0.0595 0.917826 0.5686274509803921 0.054901960784313725 0.0 -0.037868599347226424 0.11677937169693493 0.9924356641765493 0.0
-0.5235 0.0755 0.913263 0.5411764705882353 0.08235294117647059 0.054901960784313725 -0.21040169568108674 0.5108411832199996 0.8335300906271554 0.0
-0.5235 0.1135 0.92553 0.42745098039215684 0.043137254901960784 0.0 0.10753237664061199 -0.33033276584871873 0.9377190686878224 0.0
-0.5235 0.1565 0.928036 0.49411764705882355 0.09019607843137255 0.03137254901960784 0.1172638583435267 0.2693852075328024 0.9558665165643675 0.0
-0.522513 0.0075 0.917 0.29411764705882354 0.050980392156862744 0.01568627450980392 -0.03426216548173679 -0.09664106265352247 0.9947294149796215 0.0
-0.5225 -0.0045 0.914388 0.5568627450980392 0.054901960784313725 0.0 -0.03799738136013684 -0.4220644023022161 0.9057691975989498 0.0
-0.5225 0.0205 0.916223 0.5764705882352941 0.0784313725490196 0.0196078431372549 -0.006929760089768704 0.35133932852051264 0.9362225454772243 0.0
-0.5225 0.0935 0.917158 0.5764705882352941 0.054901960784313725 0.0 -0.0032135147969614207 -0.02422477769782231 0.9997013721447725 0.0
-0.5225 0.1315 0.929371 0.3764705882352941 0.27450980392156865 0.25882352941176473 0.10329719592304681 -0.08215029797743564 0.991252247340027 0.0
-0.5215 0.1765 0.910974 0.4666666666666667 0.09411764705882353 0.050980392156862744 0.10542253732008157 0.28415901013993405 0.9529636643551992 0.0
-0.5205 0.1645 0.923688 0.48627450980392156 0.08235294117647059 0.0784313725490196 0.19332684568999794 0.5643639987382005 0.8025696279225774 0.0
-0.5185 0.1085 0.922899 0.39215686274509803 0.050980392156862744 0.0 0.1516981634592304 -0.4298951629700823 0.8900437158128938 0.0
-0.5095 0.1515 0.925485 0.4666666666666667 0.6588235294117647 0.6941176470588235 0.32348896896611334 0.18471050927825663 0.9280285096479568 0.0
-0.5085 0.1265 0.925215 0.49411764705882355 0.6549019607843137 0.6470588235294118 0.3148581997953472 -0.09289688468287971 0.9445816443473 0.0
-0.5065 0.1365 0.925375 0.49411764705882355 0.6745098039215687 0.6862745098039216 0.34865611527517976 -0.07344132597583826 0.9343689233488726 0.0
-0.5015 -0.0135 0.911175 0.39215686274509803 0.0784313725490196 0.027450980392156862 0.008327162690813898 -0.0667969061932451 0.9977318435754826 0.0
-0.5015 0.0825 0.910745 0.3764705882352941 0.03137254901960784 0.0 0.0674467523471111 -0.5746462736485702 0.8156179226694568 0.0
-0.5005 0.0295 0.912063 0.43137254901960786 0.06274509803921569 0.01568627450980392 -0.030347449976363045 -0.015295097978376223 0.999422379306049 0.0
-0.5005 0.0495 0.912654 0.3568627450980392 0.06666666666666667 0.00784313725490196 -0.05776465700637524 -0.012537637774976337 0.9982514973892899 0.0
-0.5005 0.0859059 0.915 0.4196078431372549 0.054901960784313725 0.00784313725490196 -0.029485917886750056 -0.4364651526819662 0.8992378723901056 0.0
-0.5005 0.112458 0.921 0.4588235294117647 0.06666666666666667 0.03137254901960784 0.01931355107484101 -0.2173481867368966 0.9759030446038492 0.0
-0.5005 0.16073 0.919 0.6196078431372549 0.054901960784313725 0.027450980392156862 0.10606024009761468 0.49415557272433125 0.8628797688067118 0.0
-0.5005 0.1765 0.910301 0.49411764705882355 0.11372549019607843 0.0 0.01209785735827689 0.03703247104582638 0.9992408307988514 0.0
-0.4995 0.1395 0.923078 0.4470588235294118 0.6039215686274509 0.6274509803921569 -0.004867002709984118 -0.003016852838626022 0.9999836053073926 0.0
-0.499496 0.0115 0.913 0.3764705882352941 0.0784313725490196 0.03137254901960784 -0.28578045066329216 0.008573480137996596 0.9582567659333321 0.0
-0.4875 0.1725 0.909434 0.5647058823529412 0.16470588235294117 0.0784313725490196 0.06108711453573219 -0.15973126673765378 0.985268636902689 0.0
-0.4865 0.1145 0.924698 0.49411764705882355 0.03137254901960784 0.0 -0.2535869705064552 -0.24901152174592753 0.9347122072740547 0.0
-0.4805 0.105919 0.923 0.4392156862745098 0.050980392156862744 0.00784313725490196 -0.18758261707790197 -0.5045385904644176 0.8427654314827964 0.0
-0.4805 0.1755 0.911549 0.4588235294117647 0.12156862745098039 0.06666666666666667 -0.10807508433565484 0.002012013912537138 0.9941406982645148 0.0
-0.4795 -0.0185 0.914376 0.34901960784313724 0.09019607843137255 0.03137254901960784 0.02040102510394059 0.19747110705144041 0.9800964034494702 0.0
-0.4795 0.0145 0.917533 0.5372549019607843 0.050980392156862744 0.00392156862745098 -0.0009948090500768265 0.11051019352327254 0.993874492822108 0.0
-0.4795 0.0405 0.918546 0.5372549019607843 0.043137254901960784 0.0 -0.05164909943686523 -0.1718882592990307 0.9837615548711537 0.0
-0.4795 0.0825 0.913527 0.3215686274509804 0.043137254901960784 0.0 -0.04714351231025126 -0.5891856433190232 0.8066212041310357 0.0
-0.4795 0.1505 0.929231 0.2823529411764706 0.054901960784313725 0.00784313725490196 -0.24208435135604475 0.14085172228211135 0.9599770617877732 0.0
-0.4785 0.0555 0.918952 0.5137254901960784 0.054901960784313725 0.0 0.013252678802549427 0.06667532954173998 0.9976867078071436 0.0
-0.4775 0.1185 0.928388 0.29411764705882354 0.050980392156862744 0.0 -0.20798506249283893 -0.30017525800821826 0.9309334177370311 0.0
-0.476817 0.1545 0.929 0.5372549019607843 0.050980392156862744 0.00784313725490196 -0.1164665256421437 0.21920275349668966 0.9687031027432076 0.0
-0.4705 0.106297 0.925 0.48627450980392156 0.043137254901960784 0.0 -0.09779645433246731 -0.5056253959812177 0.857192401073898 0.0
-0.4625 0.1665 0.924455 0.5843137254901961 0.050980392156862744 0.00784313725490196 -0.08559630333044718 0.5736686653785175 0.814602685497042 0.0
-0.4575 0.0695 0.913139 0.3843137254901961 0.043137254901960784 0.00392156862745098 0.01869111784520194 -0.011138845390437512 0.9997632560946941 0.0
-0.4575 0.0885 0.919351 0.33725490196078434 0.0784313725490196 0.043137254901960784 -0.06531245285287576 -0.010869165913977524 0.9978056648138831 0.0
-0.4575 0.1245 0.93111 0.5490196078431373 0.0392156862745098 0.0 0.00634219174903073 -0.11743391757590523 0.9930604471061135 0.0
-0.4575 0.1445 0.931563 0.3686274509803922 0.054901960784313725 0.00784313725490196 -0.004306604555492337 0.059879309962216964 0.9981963340924727 0.0
-0.4575 0.1545 0.930457 0.5843137254901961 0.043137254901960784 0.0 -0.035740961443081004 0.19934872324221614 0.9792766055700619 0.0
-0.4565 -0.0125 0.911415 0.4588235294117647 0.054901960784313725 0.00392156862745098 -0.043388155164613494 0.21444552777792852 0.9757717886921392 0.0
-0.4565 0.0085 0.91753 0.5411764705882353 0.043137254901960784 0.0 0.00821804916611634 -0.08100424051408311 0.9966798767340693 0.0
-0.4565 0.0205 0.91584 0.5019607843137255 0.054901960784313725 0.00784313725490196 0.05327232290945682 0.3669428857193954 0.9287168450242267 0.0
-0.4565 0.0475 0.919172 0.5372549019607843 0.043137254901960784 0.0 0.01832300015104678 0.01909686107706641 0.9996497274357993 0.0
-0.4565 0.1065 0.926474 0.5019607843137255 0.043137254901960784 0.0 -0.05159832248082114 -0.4199413776512618 0.9060832480812816 0.0
-0.4555 0.1775 0.912368 0.48627450980392156 0.0784313725490196 0.00784313725490196 -0.1675729549693836 -0.10308807761512372 0.980455074450863 0.0
-0.4375 0.1055 0.925777 0.4196078431372549 0.0392156862745098 0.0 0.05509909089863206 -0.5032070983098009 0.8624075059928309 0.0
-0.4355 0.0305 0.912457 0.4117647058823529 0.054901960784313725 0.0 0.06152505314273288 -0.1349716968719349 0.9889374645948522 0.0
-0.4355 0.152678 0.931 0.5764705882352941 0.050980392156862744 0.0 0.002087512880890752 0.19014049953983106 0.9817546703350668 0.0
-0.434575 0.0495 0.913 0.4 0.42745098039215684 0.054901960784313725 0.22044599992061673 0.1360664998010045 0.9658620340146427 0.0
-0.4345 -0.0155 0.909217 0.5019607843137255 0.050980392156862744 0.0 0.0870516326411473 -0.1421596249588848 0.9860084453421584 0.0
-0.4345 0.0025 0.911858 0.5372549019607843 0.03137254901960784 0.0 -0.008727412222853939 -0.06556818509612646 0.9978099244741417 0.0
-0.4345 0.066549 0.919 0.4823529411764706 0.4588235294117647 0.00784313725490196 -0.23220136592811713 -0.31767942449293923 0.9193270957145512 0.0
-0.4345 0.1135 0.929092 0.23137254901960785 0.054901960784313725 0.00784313725490196 0.057441789049204946 -0.19772234032596792 0.9785736134838547 0.0
-0.4345 0.1335 0.931914 0.5568627450980392 0.043137254901960784 0.0 0.015460599511513837 -0.06471992571053882 0.9977836945344251 0.0
-0.4345 0.1685 0.922877 0.6 0.0196078431372549 0.0 0.011582820528745635 0.5514853572028353 0.8341041536040089 0.0
-0.4335 0.0905 0.920737 0.5411764705882353 0.050980392156862744 0.0 -0.01917826888991509 0.08216235830786589 0.996434413737139 0.0
-0.4195 -0.0045 0.908651 0.5137254901960784 0.06666666666666667 0.0 0.3025150316338096 -0.25764508532705743 0.9176620650557636 0.0
-0.4195 0.156818 0.929 0.6039215686274509 0.10196078431372549 0.07058823529411765 0.2759839136272007 0.4861531867691353 0.829148936207017 0.0
-0.4145 0.0405 0.91076 0.5490196078431373 0.0392156862745098 0.0 0.05515932162083953 -0.015647263393719486 0.9983549531036626 0.0
-0.4145 0.1175 0.92857 0.5490196078431373 0.050980392156862744 0.0 0.09138111374546984 -0.26841851106704695 0.9589582863540975 0.0
-0.4145 0.1475 0.930247 0.6039215686274509 0.06666666666666667 0.0 0.1892324840600165 0.17771235561421378 0.9657170318672664 0.0
-0.4135 0.0115 0.909804 0.5215686274509804 0.5019607843137255 0.00784313725490196 0.24015369252843177 -0.11097600504708312 0.9643705357738535 0.0
-0.4135 0.0415 0.910607 0.5294117647058824 0.03137254901960784 0.0 0.054603730149316416 -0.036648167599156775 0.9978353293331546 0.0
-0.4125 0.0735 0.920849 0.3843137254901961 0.050980392156862744 0.0 0.054501144892509644 -0.08221856897253306 0.9951229733663648 0.0
-0.4125 0.0995 0.920144 0.5568627450980392 0.050980392156862744 0.0 -0.05332830648181296 0.09007096861057379 0.9945065672690829 0.0
-0.4125 0.1735 0.91152 0.5411764705882353 0.054901960784313725 0.00392156862745098 -0.0030388510333781175 -0.0801427212542399 0.9967787666349851 0.0
-0.4095 0.1685 0.910815 0.4392156862745098 0.054901960784313725 0.0 0.058638655969831 -0.03414492725005822 0.9976951598404896 0.0
-0.4045 0.108061 0.921 0.3568627450980392 0.06666666666666667 0.0 0.21428435069975468 -0.5311194448103173 0.8197526165798831 0.0
-0.4015 0.1225 0.924904 0.6039215686274509 0.06666666666666667 0.0 0.5356078808788461 -0.16011594873316934 0.8291484070428822 0.0
-0.4015 0.1405 0.926684 0.611764705882353 0.0784313725490196 0.0 0.5304773609943552 0.019365847103515608 0.847477866046322 0.0
-0.401061 0.1665 0.911 0.5019607843137255 0.043137254901960784 0.0 0.0018253959271860264 -0.0367720837773862 0.999322011057686 0.0
-0.400683 0.1245 0.925 0.6039215686274509 0.0784313725490196 0.0 0.5669060198916789 -0.16231095984858918 0.8076340241245443 0.0
-0.4005 0.0645 0.917323 0.5647058823529412 0.054901960784313725 0.0 0.42857167172672994 -0.2016630848351151 0.8807146657165084 0.0
-0.4005 0.0865 0.920415 0.592156862745098 0.06274509803921569 0.0 0.37883070027593624 -0.03526754284982336 0.9247937613056111 0.0
-0.4005 0.1735 0.911555 0.592156862745098 0.043137254901960784 0.0 -0.0508679314855531 -0.1645050777205764 0.985063720248862 0.0
