-0.5955 0.1305 0.923376 0.447058823529 0.0313725490196 0.0 -0.462178380992 -0.169308169654 0.870474518772 0.0437175198835 -0.886302857618 0.055761449373 -0.459736778322 3.07876080052 0.0
-0.5955 0.1305 0.923376 0.447058823529 0.0313725490196 0.0 -0.462178380992 -0.169308169654 0.870474518772 0.0437175198835 -0.248296010294 0.967049112002 0.0562592770004 1.82212373908 0.0
-0.5955 0.1305 0.923376 0.447058823529 0.0313725490196 0.0 -0.462178380992 -0.169308169654 0.870474518772 0.0437175198835 -0.75676420107 0.587006485465 -0.287630544278 2.48185819634 0.0
-0.5935 0.1675 0.909606 0.537254901961 0.0313725490196 0.0 -0.179428225522 0.0604661793602 0.981911071859 0.0892922287799 -0.555564231517 0.817487941745 -0.151861284599 2.16769893098 1.0
-0.5935 0.1675 0.909606 0.537254901961 0.0313725490196 0.0 -0.179428225522 0.0604661793602 0.981911071859 0.0892922287799 -0.30699248275 0.944825710197 -0.114280325888 1.88495559215 1.0
-0.5935 0.1675 0.909606 0.537254901961 0.0313725490196 0.0 -0.179428225522 0.0604661793602 0.981911071859 0.0892922287799 0.983711020465 0.0 0.179757136758 0.0 1.0
-0.5915 0.110417 0.917 0.392156862745 0.0313725490196 0.0 -0.265240632942 -0.49007196451 0.830347443085 0.129115634671 0.106254529309 0.841091206306 0.53035418135 1.44513262065 2.0
-0.5915 0.110417 0.917 0.392156862745 0.0313725490196 0.0 -0.265240632942 -0.49007196451 0.830347443085 0.129115634671 0.893110312916 0.199633807086 0.403113274442 0.219911485751 2.0
-0.5915 0.110417 0.917 0.392156862745 0.0313725490196 0.0 -0.265240632942 -0.49007196451 0.830347443085 0.129115634671 -0.904183483229 0.42547645087 -0.037709659394 2.70176968209 2.0
-0.5905 0.0275 0.909314 0.36862745098 0.043137254902 0.0 -0.100061515106 -0.00317133165461 0.994976198635 0.0389500865356 -0.0941064511455 0.99554226487 -0.00629084333206 1.6650441064 3.0
-0.5905 0.0275 0.909314 0.36862745098 0.043137254902 0.0 -0.100061515106 -0.00317133165461 0.994976198635 0.0389500865356 -0.308895537454 0.950682710329 -0.0280344648973 1.88495559215 3.0
-0.5905 0.0275 0.909314 0.36862745098 0.043137254902 0.0 -0.100061515106 -0.00317133165461 0.994976198635 0.0389500865356 0.248591781224 0.968201063717 0.0280860557185 1.31946891451 3.0
-0.5895 0.0415 0.909355 0.576470588235 0.0509803921569 0.0 -0.0601146557758 0.0190496906882 0.998009688052 0.0142624480285 0.661096692547 0.749867004023 0.0255076337713 0.848230016469 4.0
-0.5895 0.0415 0.909355 0.576470588235 0.0509803921569 0.0 -0.0601146557758 0.0190496906882 0.998009688052 0.0142624480285 0.980772952237 0.187092446699 0.0555052479364 0.188495559215 4.0
-0.5895 0.0415 0.909355 0.576470588235 0.0509803921569 0.0 -0.0601146557758 0.0190496906882 0.998009688052 0.0142624480285 -0.0314038548761 0.999286865097 -0.02096566583 1.60221225333 4.0
-0.5895 0.0765 0.918027 0.576470588235 0.0549019607843 0.0 -0.137315446438 -0.0670001999422 0.988258792714 0.0435932159415 0.677506809499 0.721471473199 0.143050468167 0.816814089933 5.0
-0.5895 0.0765 0.918027 0.576470588235 0.0549019607843 0.0 -0.137315446438 -0.0670001999422 0.988258792714 0.0435932159415 -0.218003170559 0.97529012103 0.035830119278 1.79070781255 5.0
-0.5895 0.0765 0.918027 0.576470588235 0.0549019607843 0.0 -0.137315446438 -0.0670001999422 0.988258792714 0.0435932159415 -0.968871855747 0.216568518294 -0.11993916802 2.92168116784 5.0
-0.5895 0.1055 0.916578 0.509803921569 0.0156862745098 0.0 -0.116293895441 0.0246514275834 0.992908876484 0.231860629907 0.535359390622 0.843591414087 0.0417594175295 1.00530964915 6.0
-0.5895 0.1055 0.916578 0.509803921569 0.0156862745098 0.0 -0.116293895441 0.0246514275834 0.992908876484 0.231860629907 0.683231862647 0.727568035582 0.0619594662838 0.816814089933 6.0
-0.5895 0.1055 0.916578 0.509803921569 0.0156862745098 0.0 -0.116293895441 0.0246514275834 0.992908876484 0.231860629907 0.993210705884 0.0 0.11632924704 0.0 6.0
-0.5885 0.0005 0.906972 0.494117647059 0.0627450980392 0.0 -0.196930682734 -0.167184130658 0.966057851608 0.0350859748228 0.683257220908 0.683257220908 0.257525028211 0.785398163397 7.0
-0.5885 0.0005 0.906972 0.494117647059 0.0627450980392 0.0 -0.196930682734 -0.167184130658 0.966057851608 0.0350859748228 0.242967120477 0.946294456459 0.213292709773 1.31946891451 7.0
-0.5885 0.0005 0.906972 0.494117647059 0.0627450980392 0.0 -0.196930682734 -0.167184130658 0.966057851608 0.0350859748228 -0.661303613994 0.750101710333 -0.00499542531849 2.29336263712 7.0
-0.5885 0.1785 0.910435 0.43137254902 0.078431372549 0.0 -0.0927568374207 -0.0433877791535 0.99474301693 0.0359129965318 0.367096814834 0.927180716383 0.074671599061 1.19380520836 8.0
-0.5885 0.1785 0.910435 0.43137254902 0.078431372549 0.0 -0.0927568374207 -0.0433877791535 0.99474301693 0.0359129965318 -0.278955979285 0.960172778596 0.0158681084262 1.85353966562 8.0
-0.5885 0.1785 0.910435 0.43137254902 0.078431372549 0.0 -0.0927568374207 -0.0433877791535 0.99474301693 0.0359129965318 -0.749478288365 0.660753993596 -0.0410664731494 2.41902634326 8.0
-0.5865 0.1345 0.928172 0.447058823529 0.043137254902 0.00392156862745 -0.362719443192 -0.201928459062 0.90975793646 0.0672218001672 0.565140386588 0.728574596257 0.387034108493 0.911061869541 9.0
-0.5865 0.1345 0.928172 0.447058823529 0.043137254902 0.00392156862745 -0.362719443192 -0.201928459062 0.90975793646 0.0672218001672 -0.680359017817 0.724508766564 -0.110447517166 2.32477856366 9.0
-0.5865 0.1345 0.928172 0.447058823529 0.043137254902 0.00392156862745 -0.362719443192 -0.201928459062 0.90975793646 0.0672218001672 -0.72205656713 0.678056249272 -0.137382810746 2.38761041673 9.0
-0.5835 0.1565 0.926938 0.58431372549 0.0823529411765 0.043137254902 -0.318422479499 0.413881931777 0.852824056355 0.120959604569 -0.714955434905 0.485883211823 -0.502748675352 2.54469004941 10.0
-0.5835 0.1565 0.926938 0.58431372549 0.0823529411765 0.043137254902 -0.318422479499 0.413881931777 0.852824056355 0.120959604569 0.114943477135 0.90987131061 -0.398650467443 1.44513262065 10.0
-0.5835 0.1565 0.926938 0.58431372549 0.0823529411765 0.043137254902 -0.318422479499 0.413881931777 0.852824056355 0.120959604569 0.321661779392 0.893449963081 -0.313497788108 1.2252211349 10.0
-0.5825 0.1225 0.925884 0.521568627451 0.0392156862745 0.0 -0.203024114735 -0.272413481478 0.940516934427 0.024552536401 0.782737032258 0.531947537816 0.323039556933 0.596902604182 11.0
-0.5825 0.1225 0.925884 0.521568627451 0.0392156862745 0.0 -0.203024114735 -0.272413481478 0.940516934427 0.024552536401 0.235864706033 0.918632378551 0.316989579524 1.31946891451 11.0
-0.5825 0.1225 0.925884 0.521568627451 0.0392156862745 0.0 -0.203024114735 -0.272413481478 0.940516934427 0.024552536401 -0.242527326954 0.944581573778 0.221237759345 1.82212373908 11.0
-0.5695 0.109585 0.923 0.376470588235 0.0666666666667 0.00392156862745 -0.13153969191 -0.556769019485 0.820186301028 0.13964359663 -0.265441512257 0.816944972357 0.511997769244 1.88495559215 12.0
-0.5695 0.109585 0.923 0.376470588235 0.0666666666667 0.00392156862745 -0.13153969191 -0.556769019485 0.820186301028 0.13964359663 -0.508443379784 0.748151713978 0.426326567816 2.16769893098 12.0
-0.5695 0.109585 0.923 0.376470588235 0.0666666666667 0.00392156862745 -0.13153969191 -0.556769019485 0.820186301028 0.13964359663 -0.991214975357 0.0623619603514 -0.116635580035 3.07876080052 12.0
-0.5685 0.0945 0.918513 0.341176470588 0.203921568627 0.043137254902 0.0178698502876 0.138495002579 0.990201899974 0.0308665257847 0.680117952433 0.724252058003 -0.113571683343 0.816814089933 13.0
-0.5685 0.0945 0.918513 0.341176470588 0.203921568627 0.043137254902 0.0178698502876 0.138495002579 0.990201899974 0.0308665257847 0.364733104684 0.921210666028 -0.135427734028 1.19380520836 13.0
-0.5685 0.0945 0.918513 0.341176470588 0.203921568627 0.043137254902 0.0178698502876 0.138495002579 0.990201899974 0.0308665257847 0.450038608676 0.883250501269 -0.131657900288 1.09955742876 13.0
-0.5685 0.165738 0.925 0.576470588235 0.0549019607843 0.0156862745098 -0.0595962568389 0.585618952345 0.808392682318 0.108330737139 0.980323492811 0.187006707728 -0.0632007967367 0.188495559215 14.0
-0.5685 0.165738 0.925 0.576470588235 0.0549019607843 0.0156862745098 -0.0595962568389 0.585618952345 0.808392682318 0.108330737139 0.690655721602 0.608894925087 -0.390181553155 0.722566310326 14.0
-0.5685 0.165738 0.925 0.576470588235 0.0549019607843 0.0156862745098 -0.0595962568389 0.585618952345 0.808392682318 0.108330737139 -0.847174110588 0.39864987641 -0.351246782744 2.70176968209 14.0
-0.5685 0.1765 0.910596 0.549019607843 0.164705882353 0.043137254902 -0.0707235143478 0.265694735529 0.961459563388 0.306848624524 0.92926027552 0.367920170542 -0.0333179898555 0.376991118431 15.0
-0.5685 0.1765 0.910596 0.549019607843 0.164705882353 0.043137254902 -0.0707235143478 0.265694735529 0.961459563388 0.306848624524 -0.967515328499 0.216265298529 -0.130932844508 2.92168116784 15.0
-0.5685 0.1765 0.910596 0.549019607843 0.164705882353 0.043137254902 -0.0707235143478 0.265694735529 0.961459563388 0.306848624524 0.903647813867 0.425224384001 -0.0510377482184 0.439822971503 15.0
-0.568354 0.0805 0.919 0.58431372549 0.556862745098 0.0549019607843 0.0564219243833 -0.0595871149275 0.996627283483 0.0617547854225 -0.278246458204 0.957730591016 0.0730138584676 1.85353966562 16.0
-0.568354 0.0805 0.919 0.58431372549 0.556862745098 0.0549019607843 0.0564219243833 -0.0595871149275 0.996627283483 0.0617547854225 -0.927196821677 0.367103191371 0.0744399137421 2.76460153516 16.0
-0.568354 0.0805 0.919 0.58431372549 0.556862745098 0.0549019607843 0.0564219243833 -0.0595871149275 0.996627283483 0.0617547854225 0.453818051862 0.890668076172 0.0275600052962 1.09955742876 16.0
-0.5675 -0.0135 0.90805 0.337254901961 0.137254901961 0.0078431372549 -0.0827242617907 -0.121381047237 0.989152838485 0.0479124717129 -0.917394608294 0.396992097199 -0.0280072746712 2.73318560862 17.0
-0.5675 -0.0135 0.90805 0.337254901961 0.137254901961 0.0078431372549 -0.0827242617907 -0.121381047237 0.989152838485 0.0479124717129 0.801226650771 0.582125236356 0.138441551898 0.628318530718 17.0
-0.5675 -0.0135 0.90805 0.337254901961 0.137254901961 0.0078431372549 -0.0827242617907 -0.121381047237 0.989152838485 0.0479124717129 -0.636882565457 0.769858773233 0.0412076096421 2.26194671058 17.0
-0.5675 0.1475 0.930814 0.58431372549 0.0509803921569 0.0 0.00161225101473 0.095002605685 0.995475718217 0.0774429244357 0.999495910009 0.0314104243772 -0.00461639633447 0.0314159265359 18.0
-0.5675 0.1475 0.930814 0.58431372549 0.0509803921569 0.0 0.00161225101473 0.095002605685 0.995475718217 0.0774429244357 0.995506106584 0.0941030331811 -0.0105929646425 0.0942477796077 18.0
-0.5675 0.1475 0.930814 0.58431372549 0.0509803921569 0.0 0.00161225101473 0.095002605685 0.995475718217 0.0774429244357 0.807687280619 0.586819158698 -0.0573108341428 0.628318530718 18.0
-0.5665 0.0175 0.910497 0.521568627451 0.121568627451 0.0313725490196 -0.120071103919 0.00293876663815 0.992760944868 0.0654019405393 -0.125312718627 0.991952308868 -0.018092525603 1.69646003294 19.0
-0.5665 0.0175 0.910497 0.521568627451 0.121568627451 0.0313725490196 -0.120071103919 0.00293876663815 0.992760944868 0.0654019405393 -0.899333770878 0.423194349463 -0.110024138904 2.70176968209 19.0
-0.5665 0.0175 0.910497 0.521568627451 0.121568627451 0.0313725490196 -0.120071103919 0.00293876663815 0.992760944868 0.0654019405393 0.944924189907 0.307024480748 0.113376556444 0.314159265359 19.0
-0.5665 0.0595 0.91032 0.329411764706 0.18431372549 0.0078431372549 0.291312125218 -0.3603762913 0.88615245549 0.203817984258 0.634017347239 0.76639531937 0.10324833097 0.879645943005 20.0
-0.5665 0.0595 0.91032 0.329411764706 0.18431372549 0.0078431372549 0.291312125218 -0.3603762913 0.88615245549 0.203817984258 -0.949984766955 1.16339580409e-16 0.312296241659 3.14159265359 20.0
-0.5665 0.0595 0.91032 0.329411764706 0.18431372549 0.0078431372549 0.291312125218 -0.3603762913 0.88615245549 0.203817984258 -0.627352953302 0.627352953302 0.461363787012 2.35619449019 20.0
-0.5665 0.1275 0.929532 0.556862745098 0.0549019607843 0.0 -0.0614128293392 -0.214593733578 0.974770739149 0.0221385017534 -0.153169223155 0.967072414697 0.20324894541 1.72787595947 21.0
-0.5665 0.1275 0.929532 0.556862745098 0.0549019607843 0.0 -0.0614128293392 -0.214593733578 0.974770739149 0.0221385017534 -0.556133611358 0.81832575874 0.145114985099 2.16769893098 21.0
-0.5665 0.1275 0.929532 0.556862745098 0.0549019607843 0.0 -0.0614128293392 -0.214593733578 0.974770739149 0.0221385017534 -0.975828353274 0.218123479719 -0.0134600349632 2.92168116784 21.0
-0.5655 0.0195 0.910634 0.576470588235 0.121568627451 0.0196078431373 -0.163023830793 0.0163238141385 0.986487082371 0.0780729207359 0.278863842633 0.959855642159 0.0302010511092 1.28805298797 22.0
-0.5655 0.0195 0.910634 0.576470588235 0.121568627451 0.0196078431373 -0.163023830793 0.0163238141385 0.986487082371 0.0780729207359 -0.584227831487 0.804120624696 -0.109853820394 2.19911485751 22.0
-0.5655 0.0195 0.910634 0.576470588235 0.121568627451 0.0196078431373 -0.163023830793 0.0163238141385 0.986487082371 0.0780729207359 -0.955787121364 0.245404422568 -0.162011258927 2.8902652413 22.0
-0.5585 0.1665 0.924346 0.6 0.0705882352941 0.043137254902 -0.00076843777789 0.591844621369 0.806051706567 0.0296698187071 -0.0759708771194 0.803687931603 -0.590181441953 1.6650441064 23.0
-0.5585 0.1665 0.924346 0.6 0.0705882352941 0.043137254902 -0.00076843777789 0.591844621369 0.806051706567 0.0296698187071 0.897766512923 0.355450907827 -0.260134465997 0.376991118431 23.0
-0.5585 0.1665 0.924346 0.6 0.0705882352941 0.043137254902 -0.00076843777789 0.591844621369 0.806051706567 0.0296698187071 -0.97299658427 0.185609025173 -0.137211285155 2.95309709437 23.0
-0.5515 0.1665 0.924847 0.603921568627 0.078431372549 0.0313725490196 -0.0645026952318 0.577457426 0.813868738474 0.110659364077 -0.203070366888 0.790906860484 -0.577259702502 1.82212373908 24.0
-0.5515 0.1665 0.924847 0.603921568627 0.078431372549 0.0313725490196 -0.0645026952318 0.577457426 0.813868738474 0.110659364077 0.898335250433 0.388744376556 -0.204625481126 0.408407044967 24.0
-0.5515 0.1665 0.924847 0.603921568627 0.078431372549 0.0313725490196 -0.0645026952318 0.577457426 0.813868738474 0.110659364077 0.494107616046 0.727057278218 -0.476702609554 0.973893722613 24.0
-0.5465 0.1085 0.924819 0.329411764706 0.0549019607843 0.0 -0.0307902953546 -0.502802099412 0.863853000538 0.136794986555 -0.484498778628 0.76344791358 0.427092749597 2.13628300444 25.0
-0.5465 0.1085 0.924819 0.329411764706 0.0549019607843 0.0 -0.0307902953546 -0.502802099412 0.863853000538 0.136794986555 -0.952503372395 0.276727810808 0.127118229617 2.85884931477 25.0
-0.5465 0.1085 0.924819 0.329411764706 0.0549019607843 0.0 -0.0307902953546 -0.502802099412 0.863853000538 0.136794986555 0.242497987811 0.834683548842 0.494467490538 1.28805298797 25.0
-0.545809 -0.0145 0.911 0.247058823529 0.0901960784314 0.043137254902 -0.305602507696 0.113634957891 0.945354009689 0.0997663785269 0.951517397385 0.0 0.307594932457 0.0 26.0
-0.545809 -0.0145 0.911 0.247058823529 0.0901960784314 0.043137254902 -0.305602507696 0.113634957891 0.945354009689 0.0997663785269 -0.878988519407 0.348016174245 -0.325981479863 2.76460153516 26.0
-0.545809 -0.0145 0.911 0.247058823529 0.0901960784314 0.043137254902 -0.305602507696 0.113634957891 0.945354009689 0.0997663785269 0.656316417769 0.744444846619 0.122681009576 0.848230016469 26.0
-0.5455 0.0345 0.916098 0.556862745098 0.0627450980392 0.0078431372549 -0.0275206955829 -0.403882599337 0.914396772341 0.173035844094 0.998542361875 0.0313804579198 0.0439137609574 0.0314159265359 27.0
-0.5455 0.0345 0.916098 0.556862745098 0.0627450980392 0.0078431372549 -0.0275206955829 -0.403882599337 0.914396772341 0.173035844094 0.982900548186 0.155676153219 0.0983435188223 0.157079632679 27.0
-0.5455 0.0345 0.916098 0.556862745098 0.0627450980392 0.0078431372549 -0.0275206955829 -0.403882599337 0.914396772341 0.173035844094 -0.844199590471 0.499258246056 0.195110879231 2.60752190248 27.0
-0.5455 0.0475 0.917641 0.576470588235 0.0549019607843 0.0 -0.0613560140413 0.0552280169177 0.996586827973 0.0386401145075 0.728951052271 0.684530601765 0.00694396428826 0.753982236862 28.0
-0.5455 0.0475 0.917641 0.576470588235 0.0549019607843 0.0 -0.0613560140413 0.0552280169177 0.996586827973 0.0386401145075 0.808896868432 0.587697975686 0.0172321100297 0.628318530718 28.0
-0.5455 0.0475 0.917641 0.576470588235 0.0549019607843 0.0 -0.0613560140413 0.0552280169177 0.996586827973 0.0386401145075 0.481667628839 0.876150164292 -0.018899336986 1.06814150222 28.0
-0.54524 0.1085 0.925 0.313725490196 0.043137254902 0.0 -0.0215670555191 -0.492387323159 0.870108950711 0.133340512282 0.905847714019 0.358650481686 0.225410183871 0.376991118431 29.0
-0.54524 0.1085 0.925 0.313725490196 0.043137254902 0.0 -0.0215670555191 -0.492387323159 0.870108950711 0.133340512282 -0.537363554961 0.73961748177 0.405223876962 2.19911485751 29.0
-0.54524 0.1085 0.925 0.313725490196 0.043137254902 0.0 -0.0215670555191 -0.492387323159 0.870108950711 0.133340512282 -0.951777004018 0.276516781287 0.132887186328 2.85884931477 29.0
-0.544519 0.0135 0.917 0.576470588235 0.0549019607843 0.0 -0.0526466646445 -0.03221617091 0.998093405966 0.107984028179 0.998066661262 0.0313655084258 0.0536576607643 0.0314159265359 30.0
-0.544519 0.0135 0.917 0.576470588235 0.0549019607843 0.0 -0.0526466646445 -0.03221617091 0.998093405966 0.107984028179 -0.994345714415 0.0939933438261 -0.0494150942623 3.04734487398 30.0
-0.544519 0.0135 0.917 0.576470588235 0.0549019607843 0.0 -0.0526466646445 -0.03221617091 0.998093405966 0.107984028179 -0.749986585166 0.661202117506 -0.0182176254295 2.41902634326 30.0
-0.5445 0.0715 0.910254 0.364705882353 0.0705882352941 0.0 -0.00753350619688 0.0926267974451 0.995672397267 0.39615648757 -0.247644328907 0.964510980573 -0.0916016086897 1.82212373908 31.0
-0.5445 0.0715 0.910254 0.364705882353 0.0705882352941 0.0 -0.00753350619688 0.0926267974451 0.995672397267 0.39615648757 0.99997137716 0.0 0.00756603335316 0.0 31.0
-0.5445 0.0715 0.910254 0.364705882353 0.0705882352941 0.0 -0.00753350619688 0.0926267974451 0.995672397267 0.39615648757 0.982238142614 0.187371946712 -0.00999923895463 0.188495559215 31.0
-0.5445 0.1065 0.923844 0.4 0.0549019607843 0.00392156862745 -0.0203195686062 -0.591063291436 0.806369208644 0.129047392675 -0.967104234141 0.216173408053 0.134083772161 2.92168116784 32.0
-0.5445 0.1065 0.923844 0.4 0.0549019607843 0.00392156862745 -0.0203195686062 -0.591063291436 0.806369208644 0.129047392675 0.820456428474 0.451049738475 0.351291022369 0.502654824574 32.0
-0.5445 0.1065 0.923844 0.4 0.0549019607843 0.00392156862745 -0.0203195686062 -0.591063291436 0.806369208644 0.129047392675 0.66994169518 0.590633054271 0.449811872077 0.722566310326 32.0
-0.5445 0.1305 0.931088 0.58431372549 0.0549019607843 0.0 0.064539501066 -0.125598048096 0.989979688234 0.039813661308 0.940722173937 0.338680822526 -0.0183600630669 0.345575191895 33.0
-0.5445 0.1305 0.931088 0.58431372549 0.0549019607843 0.0 0.064539501066 -0.125598048096 0.989979688234 0.039813661308 -0.393185533526 0.908598158657 0.140906076204 1.97920337176 33.0
-0.5445 0.1305 0.931088 0.58431372549 0.0549019607843 0.0 0.064539501066 -0.125598048096 0.989979688234 0.039813661308 -0.988909363785 0.124928305266 0.080319292584 3.01592894745 33.0
-0.5445 0.1525 0.930225 0.611764705882 0.0666666666667 0.0078431372549 0.0445184944533 0.193232543356 0.980142483438 0.0355931263799 0.998179072973 0.0313690411061 -0.0515220490617 0.0314159265359 34.0
-0.5445 0.1525 0.930225 0.611764705882 0.0666666666667 0.0078431372549 0.0445184944533 0.193232543356 0.980142483438 0.0355931263799 -0.859131419518 0.508088905138 -0.0611462874727 2.60752190248 34.0
-0.5445 0.1525 0.930225 0.611764705882 0.0666666666667 0.0078431372549 0.0445184944533 0.193232543356 0.980142483438 0.0355931263799 -0.0616423460341 0.97977703332 -0.190360673865 1.63362817987 34.0
-0.5445 0.1795 0.911677 0.43137254902 0.078431372549 0.0 0.00405621390051 0.00668791976129 0.999969408961 0.242524496321 -0.684545598407 0.728967022073 -0.00209867378107 2.32477856366 35.0
-0.5445 0.1795 0.911677 0.43137254902 0.078431372549 0.0 0.00405621390051 0.00668791976129 0.999969408961 0.242524496321 -0.61290465365 0.790151918311 -0.00279848586166 2.23053078405 35.0
-0.5445 0.1795 0.911677 0.43137254902 0.078431372549 0.0 0.00405621390051 0.00668791976129 0.999969408961 0.242524496321 0.309008036828 0.951028947802 -0.00761404090933 1.25663706144 35.0
-0.5235 0.0595 0.917826 0.56862745098 0.0549019607843 0.0 -0.0378685993472 0.116779371697 0.992435664177 0.03288540115 -0.365350992225 0.922771271814 -0.122522783166 1.94778744523 36.0
-0.5235 0.0595 0.917826 0.56862745098 0.0549019607843 0.0 -0.0378685993472 0.116779371697 0.992435664177 0.03288540115 -0.914703120143 0.395827386271 -0.0814793365115 2.73318560862 36.0
-0.5235 0.0595 0.917826 0.56862745098 0.0549019607843 0.0 -0.0378685993472 0.116779371697 0.992435664177 0.03288540115 -0.0934297814744 0.988383847474 -0.119867618587 1.6650441064 36.0
-0.5235 0.0755 0.913263 0.541176470588 0.0823529411765 0.0549019607843 -0.210401695681 0.51084118322 0.833530090627 0.151445177749 -0.0794841375624 0.840854344914 -0.535393539852 1.6650441064 37.0
-0.5235 0.0755 0.913263 0.541176470588 0.0823529411765 0.0549019607843 -0.210401695681 0.51084118322 0.833530090627 0.151445177749 0.275854175776 0.848991855445 -0.450685370402 1.25663706144 37.0
-0.5235 0.0755 0.913263 0.541176470588 0.0823529411765 0.0549019607843 -0.210401695681 0.51084118322 0.833530090627 0.151445177749 -0.70453254927 0.511872859408 -0.491548637289 2.51327412287 37.0
-0.5235 0.1135 0.92553 0.427450980392 0.043137254902 0.0 0.107532376641 -0.330332765849 0.937719068688 0.0307438497109 0.029661183153 0.943834151728 0.329085563714 1.53938040026 38.0
-0.5235 0.1135 0.92553 0.427450980392 0.043137254902 0.0 0.107532376641 -0.330332765849 0.937719068688 0.0307438497109 -0.917493601743 0.330318021951 0.221575032743 2.79601746169 38.0
-0.5235 0.1135 0.92553 0.427450980392 0.043137254902 0.0 0.107532376641 -0.330332765849 0.937719068688 0.0307438497109 -0.372610018602 0.861050949059 0.34605351777 1.97920337176 38.0
-0.5235 0.1565 0.928036 0.494117647059 0.0901960784314 0.0313725490196 0.117263858344 0.269385207533 0.955866516564 0.0392265524302 -0.151431644918 0.956101777475 -0.250874167714 1.72787595947 39.0
-0.5235 0.1565 0.928036 0.494117647059 0.0901960784314 0.0313725490196 0.117263858344 0.269385207533 0.955866516564 0.0392265524302 -0.725095815251 0.680910293228 -0.102942854449 2.38761041673 39.0
-0.5235 0.1565 0.928036 0.494117647059 0.0901960784314 0.0313725490196 0.117263858344 0.269385207533 0.955866516564 0.0392265524302 0.782043378369 0.56818777313 -0.25606797694 0.628318530718 39.0
-0.522513 0.0075 0.917 0.294117647059 0.0509803921569 0.0156862745098 -0.0342621654817 -0.0966410626535 0.99472941498 0.0151030941386 0.858061705952 0.507456278298 0.0788557822525 0.53407075111 40.0
-0.522513 0.0075 0.917 0.294117647059 0.0509803921569 0.0156862745098 -0.0342621654817 -0.0966410626535 0.99472941498 0.0151030941386 -0.987513442416 0.15640676389 -0.018818216119 2.98451302091 40.0
-0.522513 0.0075 0.917 0.294117647059 0.0509803921569 0.0156862745098 -0.0342621654817 -0.0966410626535 0.99472941498 0.0151030941386 0.915501902057 0.396173050071 0.0700227229353 0.408407044967 40.0
-0.5225 -0.0045 0.914388 0.556862745098 0.0549019607843 0.0 -0.0379973813601 -0.422064402302 0.905769197599 0.0445227325633 -0.95645202879 0.277875001539 0.089358828014 2.85884931477 41.0
-0.5225 -0.0045 0.914388 0.556862745098 0.0549019607843 0.0 -0.0379973813601 -0.422064402302 0.905769197599 0.0445227325633 0.442805666405 0.805460517049 0.393899095296 1.06814150222 41.0
-0.5225 -0.0045 0.914388 0.556862745098 0.0549019607843 0.0 -0.0379973813601 -0.422064402302 0.905769197599 0.0445227325633 -0.877792081759 0.447257405021 0.171586348103 2.67035375555 41.0
-0.5225 0.0205 0.916223 0.576470588235 0.078431372549 0.0196078431373 -0.00692976008977 0.351339328521 0.936222545477 0.103192532991 0.955753266739 0.277671992397 -0.0971285630253 0.282743338823 42.0
-0.5225 0.0205 0.916223 0.576470588235 0.078431372549 0.0196078431373 -0.00692976008977 0.351339328521 0.936222545477 0.103192532991 0.458125270379 0.833326773227 -0.309334326681 1.06814150222 42.0
-0.5225 0.0205 0.916223 0.576470588235 0.078431372549 0.0196078431373 -0.00692976008977 0.351339328521 0.936222545477 0.103192532991 0.511379480874 0.805805122619 -0.298612007297 1.00530964915 42.0
-0.5225 0.0935 0.917158 0.576470588235 0.0549019607843 0.0 -0.00321351479696 -0.0242247776978 0.999701372145 0.0669450130985 -0.999994833616 1.22464047215e-16 -0.00321445812144 3.14159265359 43.0
-0.5225 0.0935 0.917158 0.576470588235 0.0549019607843 0.0 -0.00321351479696 -0.0242247776978 0.999701372145 0.0669450130985 -0.661226694097 0.750014461836 0.0160488644805 2.29336263712 43.0
-0.5225 0.0935 0.917158 0.576470588235 0.0549019607843 0.0 -0.00321351479696 -0.0242247776978 0.999701372145 0.0669450130985 0.749983624137 0.661199507008 0.0184329991518 0.722566310326 43.0
-0.5225 0.1315 0.929371 0.376470588235 0.274509803922 0.258823529412 0.103297195923 -0.0821502979774 0.99125224734 0.0703211320671 0.587775382646 0.809003409973 0.00579501569808 0.942477796077 44.0
-0.5225 0.1315 0.929371 0.376470588235 0.274509803922 0.258823529412 0.103297195923 -0.0821502979774 0.99125224734 0.0703211320671 0.991010872357 0.093678108439 -0.0955084439663 0.0942477796077 44.0
-0.5225 0.1315 0.929371 0.376470588235 0.274509803922 0.258823529412 0.103297195923 -0.0821502979774 0.99125224734 0.0703211320671 0.248323313924 0.967155452617 0.0542757978675 1.31946891451 44.0
-0.5215 0.1765 0.910974 0.466666666667 0.0941176470588 0.0509803921569 0.10542253732 0.28415901014 0.952963664355 0.115008547946 0.943515468169 0.274116583245 -0.186114642401 0.282743338823 45.0
-0.5215 0.1765 0.910974 0.466666666667 0.0941176470588 0.0509803921569 0.10542253732 0.28415901014 0.952963664355 0.115008547946 0.701096470339 0.658373408257 -0.27387623953 0.753982236862 45.0
-0.5215 0.1765 0.910974 0.466666666667 0.0941176470588 0.0509803921569 0.10542253732 0.28415901014 0.952963664355 0.115008547946 0.149342486704 0.942911351634 -0.297682724766 1.41371669412 45.0
-0.5205 0.1645 0.923688 0.486274509804 0.0823529411765 0.078431372549 0.19332684569 0.564363998738 0.802569627923 0.0471154860325 -0.430864546255 0.78373970013 -0.447334131517 2.07345115137 46.0
-0.5205 0.1645 0.923688 0.486274509804 0.0823529411765 0.078431372549 0.19332684569 0.564363998738 0.802569627923 0.0471154860325 0.126216423305 0.796899133818 -0.59078014947 1.41371669412 46.0
-0.5205 0.1645 0.923688 0.486274509804 0.0823529411765 0.078431372549 0.19332684569 0.564363998738 0.802569627923 0.0471154860325 0.691210706542 0.502193974115 -0.519643119384 0.628318530718 46.0
-0.5185 0.1085 0.922899 0.392156862745 0.0509803921569 0.0 0.151698163459 -0.42989516297 0.890043715813 0.0790304780834 0.343388221628 0.867299645384 0.360382927403 1.19380520836 47.0
-0.5185 0.1085 0.922899 0.392156862745 0.0509803921569 0.0 0.151698163459 -0.42989516297 0.890043715813 0.0790304780834 -0.619824842336 0.660046417034 0.424447749651 2.32477856366 47.0
-0.5185 0.1085 0.922899 0.392156862745 0.0509803921569 0.0 0.151698163459 -0.42989516297 0.890043715813 0.0790304780834 0.856540822574 0.506556830376 0.0986812893293 0.53407075111 47.0
-0.5095 0.1515 0.925485 0.466666666667 0.658823529412 0.694117647059 0.323488968966 0.184710509278 0.928028509648 0.0324564109999 -0.939529708343 0.179224877154 0.291825925082 2.95309709437 48.0
-0.5095 0.1515 0.925485 0.466666666667 0.658823529412 0.694117647059 0.323488968966 0.184710509278 0.928028509648 0.0324564109999 0.911177279594 0.203672252604 -0.358153010139 0.219911485751 48.0
-0.5095 0.1515 0.925485 0.466666666667 0.658823529412 0.694117647059 0.323488968966 0.184710509278 0.928028509648 0.0324564109999 -0.681572667075 0.725801171756 0.0931201298014 2.32477856366 48.0
-0.5085 0.1265 0.925215 0.494117647059 0.654901960784 0.647058823529 0.314858199795 -0.0928968846829 0.944581644347 0.0315384666359 0.914243224645 0.297055630835 -0.275530902768 0.314159265359 49.0
-0.5085 0.1265 0.925215 0.494117647059 0.654901960784 0.647058823529 0.314858199795 -0.0928968846829 0.944581644347 0.0315384666359 -0.542828729903 0.798748220196 0.259496147806 2.16769893098 49.0
-0.5085 0.1265 0.925215 0.494117647059 0.654901960784 0.647058823529 0.314858199795 -0.0928968846829 0.944581644347 0.0315384666359 0.278990814456 0.960292682042 0.00144577544415 1.28805298797 49.0
-0.5065 0.1365 0.925375 0.494117647059 0.674509803922 0.686274509804 0.348656115275 -0.0734413259758 0.934368923349 0.0264807879945 0.910173438566 0.264429828187 -0.318843500316 0.282743338823 50.0
-0.5065 0.1365 0.925375 0.494117647059 0.674509803922 0.686274509804 0.348656115275 -0.0734413259758 0.934368923349 0.0264807879945 0.338273023233 0.939589467827 -0.0523735973765 1.2252211349 50.0
-0.5065 0.1365 0.925375 0.494117647059 0.674509803922 0.686274509804 0.348656115275 -0.0734413259758 0.934368923349 0.0264807879945 -0.836140834139 0.426035034356 0.345489008487 2.67035375555 50.0
-0.5015 -0.0135 0.911175 0.392156862745 0.078431372549 0.0274509803922 0.00832716269081 -0.0667969061932 0.997731843575 0.128351382347 -0.749155107352 0.660469071206 0.0504701011366 2.41902634326 51.0
-0.5015 -0.0135 0.911175 0.392156862745 0.078431372549 0.0274509803922 0.00832716269081 -0.0667969061932 0.997731843575 0.128351382347 0.728393529999 0.684007053502 0.0397141815371 0.753982236862 51.0
-0.5015 -0.0135 0.911175 0.392156862745 0.078431372549 0.0274509803922 0.00832716269081 -0.0667969061932 0.997731843575 0.128351382347 -0.611878197367 0.788828618845 0.0579178873803 2.23053078405 51.0
-0.5015 0.0825 0.910745 0.376470588235 0.0313725490196 0.0 0.0674467523471 -0.574646273649 0.815617922669 0.357728971968 0.785973572498 0.534147088292 0.311339736308 0.596902604182 52.0
-0.5015 0.0825 0.910745 0.376470588235 0.0313725490196 0.0 0.0674467523471 -0.574646273649 0.815617922669 0.357728971968 -0.451478840504 0.711416816745 0.538565659349 2.13628300444 52.0
-0.5015 0.0825 0.910745 0.376470588235 0.0313725490196 0.0 0.0674467523471 -0.574646273649 0.815617922669 0.357728971968 0.86517543079 0.440828900266 0.239042579151 0.471238898038 52.0
-0.5005 0.0295 0.912063 0.43137254902 0.0627450980392 0.0156862745098 -0.0303474499764 -0.0152950979784 0.999422379306 0.126649952215 0.749705489476 0.66095429832 0.0328800027609 0.722566310326 53.0
-0.5005 0.0295 0.912063 0.43137254902 0.0627450980392 0.0156862745098 -0.0303474499764 -0.0152950979784 0.999422379306 0.126649952215 -0.707066685407 0.707066685407 -0.0106491678145 2.35619449019 53.0
-0.5005 0.0295 0.912063 0.43137254902 0.0627450980392 0.0156862745098 -0.0303474499764 -0.0152950979784 0.999422379306 0.126649952215 -0.826967844378 0.562006766693 -0.0165099532189 2.54469004941 53.0
-0.5005 0.0495 0.912654 0.356862745098 0.0666666666667 0.0078431372549 -0.0577646570064 -0.012537637775 0.998251497389 0.410743524601 -0.749649424179 0.660904870111 -0.0350783906552 2.41902634326 54.0
-0.5005 0.0495 0.912654 0.356862745098 0.0666666666667 0.0078431372549 -0.0577646570064 -0.012537637775 0.998251497389 0.410743524601 -0.967229505774 0.248342327543 -0.0528504636743 2.8902652413 54.0
-0.5005 0.0495 0.912654 0.356862745098 0.0666666666667 0.0078431372549 -0.0577646570064 -0.012537637775 0.998251497389 0.410743524601 -0.453938889358 0.89090523311 -0.0150781413105 2.04203522483 54.0
-0.5005 0.0859059 0.915 0.419607843137 0.0549019607843 0.0078431372549 -0.0294859178868 -0.436465152682 0.89923787239 0.186528615656 -0.253753612564 0.873425663359 0.415616066456 1.85353966562 55.0
-0.5005 0.0859059 0.915 0.419607843137 0.0549019607843 0.0078431372549 -0.0294859178868 -0.436465152682 0.89923787239 0.186528615656 -0.964774203626 0.2477119131 0.0885976530472 2.8902652413 55.0
-0.5005 0.0859059 0.915 0.419607843137 0.0549019607843 0.0078431372549 -0.0294859178868 -0.436465152682 0.89923787239 0.186528615656 0.910081608484 0.360326799091 0.204734129435 0.376991118431 55.0
-0.5005 0.112458 0.921 0.458823529412 0.0666666666667 0.0313725490196 0.0193135510748 -0.217348186737 0.975903044604 0.177363782133 0.97549898219 0.218049856559 0.0292574059311 0.219911485751 56.0
-0.5005 0.112458 0.921 0.458823529412 0.0666666666667 0.0313725490196 0.0193135510748 -0.217348186737 0.975903044604 0.177363782133 0.987572855 0.156416173919 0.0152917168205 0.157079632679 56.0
-0.5005 0.112458 0.921 0.458823529412 0.0666666666667 0.0313725490196 0.0193135510748 -0.217348186737 0.975903044604 0.177363782133 0.243342185327 0.947755237607 0.206263400603 1.31946891451 56.0
-0.5005 0.16073 0.919 0.619607843137 0.0549019607843 0.0274509803922 0.106060240098 0.494155572724 0.862879768807 0.291807756638 -0.24796557636 0.853503112069 -0.458307222973 1.85353966562 57.0
-0.5005 0.16073 0.919 0.619607843137 0.0549019607843 0.0274509803922 0.106060240098 0.494155572724 0.862879768807 0.291807756638 0.611883548149 0.651589797652 -0.448362865435 0.816814089933 57.0
-0.5005 0.16073 0.919 0.619607843137 0.0549019607843 0.0274509803922 0.106060240098 0.494155572724 0.862879768807 0.291807756638 -0.054695476938 0.869359710947 -0.491143663081 1.63362817987 57.0
-0.5005 0.1765 0.910301 0.494117647059 0.113725490196 0.0 0.0120978573583 0.0370324710458 0.999240830799 0.0686033444308 -0.0313896706669 0.99883551624 -0.0366374135724 1.60221225333 58.0
-0.5005 0.1765 0.910301 0.494117647059 0.113725490196 0.0 0.0120978573583 0.0370324710458 0.999240830799 0.0686033444308 0.587381174303 0.808460828737 -0.0370735009536 0.942477796077 58.0
-0.5005 0.1765 0.910301 0.494117647059 0.113725490196 0.0 0.0120978573583 0.0370324710458 0.999240830799 0.0686033444308 0.950805785759 0.308935527086 -0.0229607898579 0.314159265359 58.0
-0.4995 0.1395 0.923078 0.447058823529 0.603921568627 0.627450980392 -0.00486700270998 -0.00301685283863 0.999983605307 0.186152414069 -0.992104875698 0.1253319923 -0.00445054190713 3.01592894745 59.0
-0.4995 0.1395 0.923078 0.447058823529 0.603921568627 0.627450980392 -0.00486700270998 -0.00301685283863 0.999983605307 0.186152414069 -0.0314106303873 0.99950246536 0.0028625231568 1.60221225333 59.0
-0.4995 0.1395 0.923078 0.447058823529 0.603921568627 0.627450980392 -0.00486700270998 -0.00301685283863 0.999983605307 0.186152414069 -0.98227852275 0.187379649635 -0.00421552451651 2.95309709437 59.0
-0.499496 0.0115 0.913 0.376470588235 0.078431372549 0.0313725490196 -0.285780450663 0.008573480138 0.958256765933 0.343933559295 -0.958291985997 1.1735692133e-16 -0.285790954326 3.14159265359 60.0
-0.499496 0.0115 0.913 0.376470588235 0.078431372549 0.0313725490196 -0.285780450663 0.008573480138 0.958256765933 0.343933559295 0.125282357655 0.991711977029 0.0284900943712 1.44513262065 60.0
-0.499496 0.0115 0.913 0.376470588235 0.078431372549 0.0313725490196 -0.285780450663 0.008573480138 0.958256765933 0.343933559295 0.861986098595 0.439203854345 0.253140159114 0.471238898038 60.0
-0.4875 0.1725 0.909434 0.564705882353 0.164705882353 0.078431372549 0.0610871145357 -0.159731266738 0.985268636903 0.190153602569 -0.836262888938 0.53070856714 0.137886900575 2.57610597594 61.0
-0.4875 0.1725 0.909434 0.564705882353 0.164705882353 0.078431372549 0.0610871145357 -0.159731266738 0.985268636903 0.190153602569 0.997893741335 0.0313600741981 -0.0567857970905 0.0314159265359 61.0
-0.4875 0.1725 0.909434 0.564705882353 0.164705882353 0.078431372549 0.0610871145357 -0.159731266738 0.985268636903 0.190153602569 0.975608459298 0.218074327592 -0.0251340763102 0.219911485751 61.0
-0.4865 0.1145 0.924698 0.494117647059 0.0313725490196 0.0 -0.253586970506 -0.249011521746 0.934712207274 0.0439694363769 0.374588984374 0.865624069134 0.332231942657 1.16238928183 62.0
-0.4865 0.1145 0.924698 0.494117647059 0.0313725490196 0.0 -0.253586970506 -0.249011521746 0.934712207274 0.0439694363769 0.264818172146 0.91151012724 0.31467542586 1.28805298797 62.0
-0.4865 0.1145 0.924698 0.494117647059 0.0313725490196 0.0 -0.253586970506 -0.249011521746 0.934712207274 0.0439694363769 0.889298317501 0.320167095011 0.326560153358 0.345575191895 62.0
-0.4805 0.105919 0.923 0.439215686275 0.0509803921569 0.0078431372549 -0.187582617078 -0.504538590464 0.842765431483 0.102914654973 -0.136694618712 0.863055855943 0.486260393963 1.72787595947 63.0
-0.4805 0.105919 0.923 0.439215686275 0.0509803921569 0.0078431372549 -0.187582617078 -0.504538590464 0.842765431483 0.102914654973 0.965975871072 0.0607740505036 0.251390396181 0.0628318530718 63.0
-0.4805 0.105919 0.923 0.439215686275 0.0509803921569 0.0078431372549 -0.187582617078 -0.504538590464 0.842765431483 0.102914654973 0.77099902132 0.455967550139 0.44458306574 0.53407075111 63.0
-0.4805 0.1755 0.911549 0.458823529412 0.121568627451 0.0666666666667 -0.108075084336 0.00201201391254 0.994140698265 0.290362908957 -0.945952924759 0.307358736964 -0.10345854702 2.82743338823 64.0
-0.4805 0.1755 0.911549 0.458823529412 0.121568627451 0.0666666666667 -0.108075084336 0.00201201391254 0.994140698265 0.290362908957 0.425359171031 0.903934250886 0.0444122246181 1.13097335529 64.0
-0.4805 0.1755 0.911549 0.458823529412 0.121568627451 0.0666666666667 -0.108075084336 0.00201201391254 0.994140698265 0.290362908957 -0.560978993721 0.825455522375 -0.0626557992856 2.16769893098 64.0
-0.4795 -0.0185 0.914376 0.349019607843 0.0901960784314 0.0313725490196 0.0204010251039 0.197471107051 0.980096403449 0.183072715637 0.41820611017 0.888733222787 -0.187768229821 1.13097335529 65.0
-0.4795 -0.0185 0.914376 0.349019607843 0.0901960784314 0.0313725490196 0.0204010251039 0.197471107051 0.980096403449 0.183072715637 -0.122963158521 0.973353625529 -0.193553045225 1.69646003294 65.0
-0.4795 -0.0185 0.914376 0.349019607843 0.0901960784314 0.0313725490196 0.0204010251039 0.197471107051 0.980096403449 0.183072715637 0.473580397043 0.861439544265 -0.183421697498 1.06814150222 65.0
-0.4795 0.0145 0.917533 0.537254901961 0.0509803921569 0.00392156862745 -0.000994809050077 0.110510193523 0.993874492822 0.125539511184 0.0312186635141 0.993393980407 -0.110425516706 1.53938040026 66.0
-0.4795 0.0145 0.917533 0.537254901961 0.0509803921569 0.00392156862745 -0.000994809050077 0.110510193523 0.993874492822 0.125539511184 0.807336941402 0.586564622357 -0.0644127848106 0.628318530718 66.0
-0.4795 0.0145 0.917533 0.537254901961 0.0509803921569 0.00392156862745 -0.000994809050077 0.110510193523 0.993874492822 0.125539511184 0.992031612671 0.125322737027 -0.0129418331876 0.125663706144 66.0
-0.4795 0.0405 0.918546 0.537254901961 0.043137254902 0.0 -0.0516490994369 -0.171888259299 0.983761554871 0.0825285365006 0.964304691972 0.247591362996 0.0938881143186 0.251327412287 67.0
-0.4795 0.0405 0.918546 0.537254901961 0.043137254902 0.0 -0.0516490994369 -0.171888259299 0.983761554871 0.0825285365006 0.579258133049 0.797280421615 0.169717248993 0.942477796077 67.0
-0.4795 0.0405 0.918546 0.537254901961 0.043137254902 0.0 -0.0516490994369 -0.171888259299 0.983761554871 0.0825285365006 0.836406796975 0.530799893958 0.136657025241 0.565486677646 67.0
-0.4795 0.0825 0.913527 0.321568627451 0.043137254902 0.0 -0.0471435123103 -0.589185643319 0.806621204131 0.183704907065 0.176561123192 0.789889058794 0.587283104281 1.35088484104 68.0
-0.4795 0.0825 0.913527 0.321568627451 0.043137254902 0.0 -0.0471435123103 -0.589185643319 0.806621204131 0.183704907065 -0.909088395042 0.359933558071 0.209776366099 2.76460153516 68.0
-0.4795 0.0825 0.913527 0.321568627451 0.043137254902 0.0 -0.0471435123103 -0.589185643319 0.806621204131 0.183704907065 -0.410921852719 0.747464075255 0.521958510957 2.07345115137 68.0
-0.4795 0.1505 0.929231 0.282352941176 0.0549019607843 0.0078431372549 -0.242084351356 0.140851722282 0.959977061788 0.097374977527 -0.701187896335 0.658459262982 -0.273435427527 2.38761041673 69.0
-0.4795 0.1505 0.929231 0.282352941176 0.0549019607843 0.0078431372549 -0.242084351356 0.140851722282 0.959977061788 0.097374977527 -0.940232476823 0.21016685865 -0.267941749362 2.92168116784 69.0
-0.4795 0.1505 0.929231 0.282352941176 0.0549019607843 0.0078431372549 -0.242084351356 0.140851722282 0.959977061788 0.097374977527 0.785474473638 0.609276455653 0.108683263888 0.659734457254 69.0
-0.4785 0.0555 0.918952 0.513725490196 0.0549019607843 0.0 0.0132526788025 0.0666753295417 0.997686707807 0.0411792209149 -0.997985761912 0.0627879421346 0.00906053769017 3.07876080052 70.0
-0.4785 0.0555 0.918952 0.513725490196 0.0549019607843 0.0 0.0132526788025 0.0666753295417 0.997686707807 0.0411792209149 -0.808687822562 0.587546094971 -0.028523532805 2.51327412287 70.0
-0.4785 0.0555 0.918952 0.513725490196 0.0549019607843 0.0 0.0132526788025 0.0666753295417 0.997686707807 0.0411792209149 -0.338162156009 0.939281522265 -0.0582801696542 1.91637151869 70.0
-0.4775 0.1185 0.928388 0.294117647059 0.0509803921569 0.0 -0.207985062493 -0.300175258008 0.930933417737 0.0479463083276 -0.705379497535 0.705379497535 0.0698536249223 2.35619449019 71.0
-0.4775 0.1185 0.928388 0.294117647059 0.0509803921569 0.0 -0.207985062493 -0.300175258008 0.930933417737 0.0479463083276 -0.88977285125 0.453361911982 -0.0526046570446 2.67035375555 71.0
-0.4775 0.1185 0.928388 0.294117647059 0.0509803921569 0.0 -0.207985062493 -0.300175258008 0.930933417737 0.0479463083276 0.794059832985 0.503925693417 0.339893920442 0.565486677646 71.0
-0.476817 0.1545 0.929 0.537254901961 0.0509803921569 0.0078431372549 -0.116466525642 0.219202753497 0.968703102743 0.126206249959 -0.729426584448 0.643076038614 -0.233216779975 2.41902634326 72.0
-0.476817 0.1545 0.929 0.537254901961 0.0509803921569 0.0078431372549 -0.116466525642 0.219202753497 0.968703102743 0.126206249959 0.183751398754 0.963258565555 -0.195878430003 1.38230076758 72.0
-0.476817 0.1545 0.929 0.537254901961 0.0509803921569 0.0078431372549 -0.116466525642 0.219202753497 0.968703102743 0.126206249959 -0.769424514255 0.596826831007 -0.22756021325 2.48185819634 72.0
-0.4705 0.106297 0.925 0.486274509804 0.043137254902 0.0 -0.0977964543325 -0.505625395981 0.857192401074 0.0966954998074 -0.993554672586 1.21675354956e-16 -0.113353926193 3.14159265359 73.0
-0.4705 0.106297 0.925 0.486274509804 0.043137254902 0.0 -0.0977964543325 -0.505625395981 0.857192401074 0.0966954998074 0.975189183107 0.123195043369 0.183926720302 0.125663706144 73.0
-0.4705 0.106297 0.925 0.486274509804 0.043137254902 0.0 -0.0977964543325 -0.505625395981 0.857192401074 0.0966954998074 -0.804752842635 0.546909467098 0.230787558308 2.54469004941 73.0
-0.4625 0.1665 0.924455 0.58431372549 0.0509803921569 0.0078431372549 -0.0855963033304 0.573668665379 0.814602685497 0.092859759738 -0.252890836651 0.778317964662 -0.574688933791 1.88495559215 74.0
-0.4625 0.1665 0.924455 0.58431372549 0.0509803921569 0.0078431372549 -0.0855963033304 0.573668665379 0.814602685497 0.092859759738 0.077414608247 0.818961011601 -0.568603411797 1.47654854719 74.0
-0.4625 0.1665 0.924455 0.58431372549 0.0509803921569 0.0078431372549 -0.0855963033304 0.573668665379 0.814602685497 0.092859759738 -0.65877335274 0.58078683593 -0.478230405694 2.41902634326 74.0
-0.4575 0.0695 0.913139 0.38431372549 0.043137254902 0.00392156862745 0.0186911178452 -0.0111388453904 0.999763256095 0.261213179483 -0.535725735408 0.844168681099 0.0194209750729 2.13628300444 75.0
-0.4575 0.0695 0.913139 0.38431372549 0.043137254902 0.00392156862745 0.0186911178452 -0.0111388453904 0.999763256095 0.261213179483 -0.248660246179 0.968467717112 0.0154390052217 1.82212373908 75.0
-0.4575 0.0695 0.913139 0.38431372549 0.043137254902 0.00392156862745 0.0186911178452 -0.0111388453904 0.999763256095 0.261213179483 0.397146333544 0.91775102746 0.00280024081967 1.16238928183 75.0
-0.4575 0.0885 0.919351 0.337254901961 0.078431372549 0.043137254902 -0.0653124528529 -0.010869165914 0.997805664814 0.0557603723403 -0.843298344652 0.535173403103 -0.0493693277178 2.57610597594 76.0
-0.4575 0.0885 0.919351 0.337254901961 0.078431372549 0.043137254902 -0.0653124528529 -0.010869165914 0.997805664814 0.0557603723403 -0.0314095341558 0.999467582705 0.0088313241487 1.60221225333 76.0
-0.4575 0.0885 0.919351 0.337254901961 0.078431372549 0.043137254902 -0.0653124528529 -0.010869165914 0.997805664814 0.0557603723403 -0.278982617079 0.960264466484 -0.0078008829692 1.85353966562 76.0
-0.4575 0.1245 0.93111 0.549019607843 0.0392156862745 0.0 0.00634219174903 -0.117433917576 0.993060447106 0.038569478511 -0.681756266935 0.725996685749 0.0902064564012 2.32477856366 77.0
-0.4575 0.1245 0.93111 0.549019607843 0.0392156862745 0.0 0.00634219174903 -0.117433917576 0.993060447106 0.038569478511 0.998026176845 0.0627904848266 0.00105135517039 0.0628318530718 77.0
-0.4575 0.1245 0.93111 0.549019607843 0.0392156862745 0.0 0.00634219174903 -0.117433917576 0.993060447106 0.038569478511 -0.975416567107 0.218031434605 0.0320127183766 2.92168116784 77.0
-0.4575 0.1445 0.931563 0.36862745098 0.0549019607843 0.0078431372549 -0.00430660455549 0.0598793099622 0.998196334092 0.0170438791545 0.728445111792 0.684055492031 -0.0378919902929 0.753982236862 78.0
-0.4575 0.1445 0.931563 0.36862745098 0.0549019607843 0.0078431372549 -0.00430660455549 0.0598793099622 0.998196334092 0.0170438791545 -0.999990693165 1.22463540156e-16 -0.00431434611363 3.14159265359 78.0
-0.4575 0.1445 0.931563 0.36862745098 0.0549019607843 0.0078431372549 -0.00430660455549 0.0598793099622 0.998196334092 0.0170438791545 -0.425110496809 0.903405791264 -0.0560271524637 2.0106192983 78.0
-0.4575 0.1545 0.930457 0.58431372549 0.043137254902 0.0 -0.0357409614431 0.199348723242 0.97927660557 0.0308891059392 -0.243563437425 0.948616957632 -0.201996830774 1.82212373908 79.0
-0.4575 0.1545 0.930457 0.58431372549 0.043137254902 0.0 -0.0357409614431 0.199348723242 0.97927660557 0.0308891059392 0.679393062354 0.723480128474 -0.122480898628 0.816814089933 79.0
-0.4575 0.1545 0.930457 0.58431372549 0.043137254902 0.0 -0.0357409614431 0.199348723242 0.97927660557 0.0308891059392 0.556038667524 0.81818605313 -0.146262034316 0.973893722613 79.0
-0.4565 -0.0125 0.911415 0.458823529412 0.0549019607843 0.00392156862745 -0.0433881551646 0.214445527778 0.975771788692 0.23283684096 0.273644703892 0.941891248783 -0.194831854421 1.28805298797 80.0
-0.4565 -0.0125 0.911415 0.458823529412 0.0549019607843 0.00392156862745 -0.0433881551646 0.214445527778 0.975771788692 0.23283684096 0.995285166348 0.0940821481798 0.023579377449 0.0942477796077 80.0
-0.4565 -0.0125 0.911415 0.458823529412 0.0549019607843 0.00392156862745 -0.0433881551646 0.214445527778 0.975771788692 0.23283684096 -0.851200913835 0.503398817152 -0.148481093665 2.60752190248 80.0
-0.4565 0.0085 0.91753 0.541176470588 0.043137254902 0.0 0.00821804916612 -0.0810042405141 0.996679876734 0.0321290081175 -0.982020067383 0.187330346637 0.0233222744765 2.95309709437 81.0
-0.4565 0.0085 0.91753 0.541176470588 0.043137254902 0.0 0.00821804916612 -0.0810042405141 0.996679876734 0.0321290081175 -0.217429103783 0.972721893908 0.0808498728564 1.79070781255 81.0
-0.4565 0.0085 0.91753 0.541176470588 0.043137254902 0.0 0.00821804916612 -0.0810042405141 0.996679876734 0.0321290081175 -0.807820700246 0.586916093731 0.0543618908287 2.51327412287 81.0
-0.4565 0.0205 0.91584 0.501960784314 0.0549019607843 0.0078431372549 0.0532723229095 0.366942885719 0.928716845024 0.02751304686 0.883670124856 0.415823597131 -0.214983363323 0.439822971503 82.0
-0.4565 0.0205 0.91584 0.501960784314 0.0549019607843 0.0078431372549 0.0532723229095 0.366942885719 0.928716845024 0.02751304686 0.695828707769 0.653426649938 -0.298087273454 0.753982236862 82.0
-0.4565 0.0205 0.91584 0.501960784314 0.0549019607843 0.0078431372549 0.0532723229095 0.366942885719 0.928716845024 0.02751304686 0.259444244215 0.893012945977 -0.367718047504 1.28805298797 82.0
-0.4565 0.0475 0.919172 0.537254901961 0.043137254902 0.0 0.018323000151 0.0190968610771 0.999649727436 0.035196333692 0.397025699248 0.917472258049 -0.0248042304427 1.16238928183 83.0
-0.4565 0.0475 0.919172 0.537254901961 0.043137254902 0.0 0.018323000151 0.0190968610771 0.999649727436 0.035196333692 -0.248665710066 0.968488997546 -0.013943682087 1.82212373908 83.0
-0.4565 0.0475 0.919172 0.537254901961 0.043137254902 0.0 0.018323000151 0.0190968610771 0.999649727436 0.035196333692 -0.982185067683 0.187361822128 0.0144236066489 2.95309709437 83.0
-0.4565 0.1065 0.926474 0.501960784314 0.043137254902 0.0 -0.0515983224808 -0.419941377651 0.906083248081 0.103012959528 -0.981818409249 0.18729187829 0.03089277564 2.95309709437 84.0
-0.4565 0.1065 0.926474 0.501960784314 0.043137254902 0.0 -0.0515983224808 -0.419941377651 0.906083248081 0.103012959528 0.544149453986 0.748957470501 0.378105909909 0.942477796077 84.0
-0.4565 0.1065 0.926474 0.501960784314 0.043137254902 0.0 -0.0515983224808 -0.419941377651 0.906083248081 0.103012959528 0.335463535398 0.847284172737 0.411793330504 1.19380520836 84.0
-0.4555 0.1775 0.912368 0.486274509804 0.078431372549 0.0078431372549 -0.167572954969 -0.103088077615 0.980455074451 0.259840225724 0.951263372001 0.244242921146 0.188264156331 0.251327412287 85.0
-0.4555 0.1775 0.912368 0.486274509804 0.078431372549 0.0078431372549 -0.167572954969 -0.103088077615 0.980455074451 0.259840225724 -0.933592952841 0.336114144997 -0.124223507994 2.79601746169 85.0
-0.4555 0.1775 0.912368 0.486274509804 0.078431372549 0.0078431372549 -0.167572954969 -0.103088077615 0.980455074451 0.259840225724 -0.396985364439 0.917379049806 0.0286059329193 1.97920337176 85.0
-0.4375 0.1055 0.925777 0.419607843137 0.0392156862745 0.0 0.0550990908986 -0.50320709831 0.862407505993 0.133925371735 -0.996147943811 0.0313052103007 0.0819100595148 3.11017672705 86.0
-0.4375 0.1055 0.925777 0.419607843137 0.0392156862745 0.0 0.0550990908986 -0.50320709831 0.862407505993 0.133925371735 0.29962709563 0.832246274441 0.466465156515 1.2252211349 86.0
-0.4375 0.1055 0.925777 0.419607843137 0.0392156862745 0.0 0.0550990908986 -0.50320709831 0.862407505993 0.133925371735 -0.68815290851 0.606688398532 0.397963266642 2.41902634326 86.0
-0.4355 0.0305 0.912457 0.411764705882 0.0549019607843 0.0 0.0615250531427 -0.134971696872 0.988937464595 0.231494690565 0.996600381242 0.0627007813707 -0.0534442899105 0.0628318530718 87.0
-0.4355 0.0305 0.912457 0.411764705882 0.0549019607843 0.0 0.0615250531427 -0.134971696872 0.988937464595 0.231494690565 0.986895312095 0.156308861665 -0.0400647317413 0.157079632679 87.0
-0.4355 0.0305 0.912457 0.411764705882 0.0549019607843 0.0 0.0615250531427 -0.134971696872 0.988937464595 0.231494690565 -0.992789878779 0.0938462740577 0.0745730074412 3.04734487398 87.0
-0.4355 0.152678 0.931 0.576470588235 0.0509803921569 0.0 0.00208751288089 0.19014049954 0.981754670335 0.0642314557637 0.244402957572 0.951886672729 -0.184875516526 1.31946891451 88.0
-0.4355 0.152678 0.931 0.576470588235 0.0509803921569 0.0 0.00208751288089 0.19014049954 0.981754670335 0.0642314557637 -0.927550644727 0.367243279826 -0.0691532709868 2.76460153516 88.0
-0.4355 0.152678 0.931 0.576470588235 0.0509803921569 0.0 0.00208751288089 0.19014049954 0.981754670335 0.0642314557637 -0.244449801235 0.952069116749 -0.183871399649 1.82212373908 88.0
-0.434575 0.0495 0.913 0.4 0.427450980392 0.0549019607843 0.220445999921 0.136066499801 0.965862034015 0.186004182064 0.973529170184 0.0305943867031 -0.226505934368 0.0314159265359 89.0
-0.434575 0.0495 0.913 0.4 0.427450980392 0.0549019607843 0.220445999921 0.136066499801 0.965862034015 0.186004182064 -0.36771926809 0.928752853848 -0.046911366907 1.94778744523 89.0
-0.434575 0.0495 0.913 0.4 0.427450980392 0.0549019607843 0.220445999921 0.136066499801 0.965862034015 0.186004182064 -0.967872027915 0.153295869447 0.199309091589 2.98451302091 89.0
-0.4345 -0.0155 0.909217 0.501960784314 0.0509803921569 0.0 0.0870516326411 -0.142159624959 0.986008445342 0.0224872128854 0.808945241083 0.587733120474 0.0133182591802 0.628318530718 90.0
-0.4345 -0.0155 0.909217 0.501960784314 0.0509803921569 0.0 0.0870516326411 -0.142159624959 0.986008445342 0.0224872128854 0.366240921482 0.925018976541 0.10103207645 1.19380520836 90.0
-0.4345 -0.0155 0.909217 0.501960784314 0.0509803921569 0.0 0.0870516326411 -0.142159624959 0.986008445342 0.0224872128854 0.876279276195 0.481738608708 -0.00790841268855 0.502654824574 90.0
-0.4345 0.0025 0.911858 0.537254901961 0.0313725490196 0.0 -0.00872741222285 -0.0655681850961 0.997809924474 0.0297302193017 0.950667122089 0.308890472528 0.0286129159853 0.314159265359 91.0
-0.4345 0.0025 0.911858 0.537254901961 0.0313725490196 0.0 -0.00872741222285 -0.0655681850961 0.997809924474 0.0297302193017 -0.995558794232 0.0941080136302 -0.00252368739862 3.04734487398 91.0
-0.4345 0.0025 0.911858 0.537254901961 0.0313725490196 0.0 -0.00872741222285 -0.0655681850961 0.997809924474 0.0297302193017 -0.0626581585969 0.995922911653 0.0648961416852 1.63362817987 91.0
-0.4345 0.066549 0.919 0.482352941176 0.458823529412 0.0078431372549 -0.232201365928 -0.317679424493 0.919327095715 0.123330517 -0.971465425767 0.122724623419 -0.202962049031 3.01592894745 92.0
-0.4345 0.066549 0.919 0.482352941176 0.458823529412 0.0078431372549 -0.232201365928 -0.317679424493 0.919327095715 0.123330517 -0.874990865257 0.481030298801 -0.0547798991623 2.63893782902 92.0
-0.4345 0.066549 0.919 0.482352941176 0.458823529412 0.0078431372549 -0.232201365928 -0.317679424493 0.919327095715 0.123330517 -0.969354121508 0.153530610011 -0.191783573087 2.98451302091 92.0
-0.4345 0.1135 0.929092 0.23137254902 0.0549019607843 0.0078431372549 0.0574417890492 -0.197722340326 0.978573613484 0.0913325681565 0.825337782431 0.560898977738 0.0648836008831 0.596902604182 93.0
-0.4345 0.1135 0.929092 0.23137254902 0.0549019607843 0.0078431372549 0.0574417890492 -0.197722340326 0.978573613484 0.0913325681565 0.0615951324867 0.979026595474 0.194198262117 1.50796447372 93.0
-0.4345 0.1135 0.929092 0.23137254902 0.0549019607843 0.0078431372549 0.0574417890492 -0.197722340326 0.978573613484 0.0913325681565 -0.092160522759 0.974956492805 0.20240127268 1.6650441064 93.0
-0.4345 0.1335 0.931914 0.556862745098 0.043137254902 0.0 0.0154605995115 -0.0647199257105 0.997783694534 0.0291506956843 -0.611779213702 0.788701009872 0.0606375354806 2.23053078405 94.0
-0.4345 0.1335 0.931914 0.556862745098 0.043137254902 0.0 0.0154605995115 -0.0647199257105 0.997783694534 0.0291506956843 0.481167496843 0.875240427569 0.0493156560425 1.06814150222 94.0
-0.4345 0.1335 0.931914 0.556862745098 0.043137254902 0.0 0.0154605995115 -0.0647199257105 0.997783694534 0.0291506956843 -0.769421722101 0.636521005316 0.0532092412102 2.4504422698 94.0
-0.4345 0.1685 0.922877 0.6 0.0196078431373 0.0 0.0115828205287 0.551485357203 0.834104153604 0.0635164798731 -0.92062962296 0.331447059062 -0.206358775844 2.79601746169 95.0
-0.4345 0.1685 0.922877 0.6 0.0196078431373 0.0 0.0115828205287 0.551485357203 0.834104153604 0.0635164798731 -0.837870411155 0.460623156468 -0.292915485825 2.63893782902 95.0
-0.4345 0.1685 0.922877 0.6 0.0196078431373 0.0 0.0115828205287 0.551485357203 0.834104153604 0.0635164798731 0.590277933828 0.669538890105 -0.450876519096 0.848230016469 95.0
-0.4335 0.0905 0.920737 0.541176470588 0.0509803921569 0.0 -0.0191782688899 0.0821623583079 0.996434413737 0.0314282840564 -0.277999161196 0.956879389133 -0.0842514155819 1.85353966562 97.0
-0.4335 0.0905 0.920737 0.541176470588 0.0509803921569 0.0 -0.0191782688899 0.0821623583079 0.996434413737 0.0314282840564 0.789662332731 0.612524892147 -0.0353080269275 0.659734457254 97.0
-0.4335 0.0905 0.920737 0.541176470588 0.0509803921569 0.0 -0.0191782688899 0.0821623583079 0.996434413737 0.0314282840564 -0.939885161968 0.338379479674 -0.0459914127644 2.79601746169 97.0
-0.4195 -0.0045 0.908651 0.513725490196 0.0666666666667 0.0 0.302515031634 -0.257645085327 0.917662065056 0.110350765095 -0.806741600214 0.443509947835 0.390470122616 2.63893782902 98.0
-0.4195 -0.0045 0.908651 0.513725490196 0.0666666666667 0.0 0.302515031634 -0.257645085327 0.917662065056 0.110350765095 -0.882947259596 0.286886955378 0.371618099136 2.82743338823 98.0
-0.4195 -0.0045 0.908651 0.513725490196 0.0666666666667 0.0 0.302515031634 -0.257645085327 0.917662065056 0.110350765095 0.911164173537 0.360755416917 -0.199086358219 0.376991118431 98.0
-0.4195 0.156818 0.929 0.603921568627 0.101960784314 0.0705882352941 0.275983913627 0.486153186769 0.829148936207 0.145791082387 0.725535056213 0.460438547718 -0.511463807108 0.565486677646 99.0
-0.4195 0.156818 0.929 0.603921568627 0.101960784314 0.0705882352941 0.275983913627 0.486153186769 0.829148936207 0.145791082387 0.910476181235 0.144205260394 -0.387605426018 0.157079632679 99.0
-0.4195 0.156818 0.929 0.603921568627 0.101960784314 0.0705882352941 0.275983913627 0.486153186769 0.829148936207 0.145791082387 0.4883155184 0.672108651012 -0.556612895759 0.942477796077 99.0
-0.4145 0.0405 0.91076 0.549019607843 0.0392156862745 0.0 0.0551593216208 -0.0156472633937 0.998354953104 0.0268937103678 0.0627858678899 0.997952792737 0.0121720278789 1.50796447372 100.0
-0.4145 0.0405 0.91076 0.549019607843 0.0392156862745 0.0 0.0551593216208 -0.0156472633937 0.998354953104 0.0268937103678 0.949976266255 0.30866599986 -0.0476486524699 0.314159265359 100.0
-0.4145 0.0405 0.91076 0.549019607843 0.0392156862745 0.0 0.0551593216208 -0.0156472633937 0.998354953104 0.0268937103678 0.309016268621 0.951054282654 -0.0021672961884 1.25663706144 100.0
-0.4145 0.1175 0.92857 0.549019607843 0.0509803921569 0.0 0.0913811137455 -0.268418511067 0.958958286354 0.085402686693 0.786519394319 0.610086979216 0.0958181619105 0.659734457254 101.0
-0.4145 0.1175 0.92857 0.549019607843 0.0509803921569 0.0 0.0913811137455 -0.268418511067 0.958958286354 0.085402686693 0.859173038127 0.508113518315 0.0603518273302 0.53407075111 101.0
-0.4145 0.1175 0.92857 0.549019607843 0.0509803921569 0.0 0.0913811137455 -0.268418511067 0.958958286354 0.085402686693 -0.683462364483 0.683462364483 0.256433992817 2.35619449019 101.0
-0.4145 0.1475 0.930247 0.603921568627 0.0666666666667 0.0 0.18923248406 0.177712355614 0.965717031867 0.0790080429225 -0.981337495456 1.2017918227e-16 0.192293317647 3.14159265359 102.0
-0.4145 0.1475 0.930247 0.603921568627 0.0666666666667 0.0 0.18923248406 0.177712355614 0.965717031867 0.0790080429225 -0.923746474435 0.365737102257 0.113704982306 2.76460153516 102.0
-0.4145 0.1475 0.930247 0.603921568627 0.0666666666667 0.0 0.18923248406 0.177712355614 0.965717031867 0.0790080429225 -0.154678629865 0.976602433602 -0.149406185096 1.72787595947 102.0
-0.4135 0.0115 0.909804 0.521568627451 0.501960784314 0.0078431372549 0.240153692528 -0.110976005047 0.964370535774 0.0826063859149 -0.859304679255 0.437837602951 0.26437416979 2.67035375555 103.0
-0.4135 0.0115 0.909804 0.521568627451 0.501960784314 0.0078431372549 0.240153692528 -0.110976005047 0.964370535774 0.0826063859149 0.561520254688 0.826251963702 -0.0447514921889 0.973893722613 103.0
-0.4135 0.0115 0.909804 0.521568627451 0.501960784314 0.0078431372549 0.240153692528 -0.110976005047 0.964370535774 0.0826063859149 -0.0932248024898 0.986215396321 0.136705260543 1.6650441064 103.0
-0.4135 0.0415 0.910607 0.529411764706 0.0313725490196 0.0 0.0546037301493 -0.0366481675992 0.997835329333 0.0423162408101 0.612900795384 0.790146944264 -0.00451901417552 0.911061869541 104.0
-0.4135 0.0415 0.910607 0.529411764706 0.0313725490196 0.0 0.0546037301493 -0.0366481675992 0.997835329333 0.0423162408101 0.728889353679 0.68447266293 -0.0147473318255 0.753982236862 104.0
-0.4135 0.0415 0.910607 0.529411764706 0.0313725490196 0.0 0.0546037301493 -0.0366481675992 0.997835329333 0.0423162408101 -0.825290277073 0.56086669313 0.0657610150952 2.54469004941 104.0
-0.4125 0.0735 0.920849 0.38431372549 0.0509803921569 0.0 0.0545011448925 -0.0822185689725 0.995122973366 0.0696277789011 0.770471052183 0.637389086655 0.0104647007573 0.69115038379 105.0
-0.4125 0.0735 0.920849 0.38431372549 0.0509803921569 0.0 0.0545011448925 -0.0822185689725 0.995122973366 0.0696277789011 0.728867799401 0.684452422116 0.016631682291 0.753982236862 105.0
-0.4125 0.0735 0.920849 0.38431372549 0.0509803921569 0.0 0.0545011448925 -0.0822185689725 0.995122973366 0.0696277789011 0.82708003455 0.562083011055 0.00114242364256 0.596902604182 105.0
-0.4125 0.0995 0.920144 0.556862745098 0.0509803921569 0.0 -0.0533283064818 0.0900709686106 0.994506567269 0.0968393189239 0.876301738278 0.481750957343 0.00335836124405 0.502654824574 106.0
-0.4125 0.0995 0.920144 0.556862745098 0.0509803921569 0.0 -0.0533283064818 0.0900709686106 0.994506567269 0.0968393189239 0.0937692264066 0.991974799768 -0.0848134942333 1.47654854719 106.0
-0.4125 0.0995 0.920144 0.556862745098 0.0509803921569 0.0 -0.0533283064818 0.0900709686106 0.994506567269 0.0968393189239 0.929649688075 0.368074349879 0.0165145518517 0.376991118431 106.0
-0.4125 0.1735 0.91152 0.541176470588 0.0549019607843 0.00392156862745 -0.00303885103338 -0.0801427212542 0.996778766635 0.0397611215947 -0.0938104065876 0.992410440579 0.0795055032379 1.6650441064 107.0
-0.4125 0.1735 0.91152 0.541176470588 0.0549019607843 0.00392156862745 -0.00303885103338 -0.0801427212542 0.996778766635 0.0397611215947 0.727776472938 0.683427598353 0.0571675016629 0.753982236862 107.0
-0.4125 0.1735 0.91152 0.541176470588 0.0549019607843 0.00392156862745 -0.00303885103338 -0.0801427212542 0.996778766635 0.0397611215947 0.808018652692 0.587059914602 0.0496640067689 0.628318530718 107.0
-0.4095 0.1685 0.910815 0.439215686275 0.0549019607843 0.0 0.0586386559698 -0.0341449272501 0.99769515984 0.0556438597856 -0.768784427467 0.635993789344 0.0669507580217 2.4504422698 108.0
-0.4095 0.1685 0.910815 0.439215686275 0.0549019607843 0.0 0.0586386559698 -0.0341449272501 0.99769515984 0.0556438597856 0.789898949462 0.612708430897 -0.025456400885 0.659734457254 108.0
-0.4095 0.1685 0.910815 0.439215686275 0.0549019607843 0.0 0.0586386559698 -0.0341449272501 0.99769515984 0.0556438597856 0.0313943249952 0.998983619368 0.0323438493875 1.53938040026 108.0
-0.4045 0.108061 0.921 0.356862745098 0.0666666666667 0.0 0.2142843507 -0.53111944481 0.81975261658 0.238113259162 0.706707461684 0.663642479849 0.245241151809 0.753982236862 109.0
-0.4045 0.108061 0.921 0.356862745098 0.0666666666667 0.0 0.2142843507 -0.53111944481 0.81975261658 0.238113259162 0.604847563109 0.73113510745 0.315596071039 0.879645943005 109.0
-0.4045 0.108061 0.921 0.356862745098 0.0666666666667 0.0 0.2142843507 -0.53111944481 0.81975261658 0.238113259162 -0.853018531665 0.307105568401 0.421954445992 2.79601746169 109.0
-0.4015 0.1225 0.924904 0.603921568627 0.0666666666667 0.0 0.535607880879 -0.160115948733 0.829148407043 0.12316557116 -0.150172351718 0.94815091312 0.280103749936 1.72787595947 110.0
-0.4015 0.1225 0.924904 0.603921568627 0.0666666666667 0.0 0.535607880879 -0.160115948733 0.829148407043 0.12316557116 -0.771823446531 0.305586520329 0.557588957905 2.76460153516 110.0
-0.4015 0.1225 0.924904 0.603921568627 0.0666666666667 0.0 0.535607880879 -0.160115948733 0.829148407043 0.12316557116 -0.624233808587 0.586194564508 0.516437880832 2.38761041673 110.0
-0.4015 0.1405 0.926684 0.611764705882 0.078431372549 0.0 0.530477360994 0.0193658471035 0.847477866046 0.0802379536615 0.548276408702 0.754637736359 -0.360437049323 0.942477796077 111.0
-0.4015 0.1405 0.926684 0.611764705882 0.078431372549 0.0 0.530477360994 0.0193658471035 0.847477866046 0.0802379536615 -0.438971678428 0.861530427701 0.255086627801 2.04203522483 111.0
-0.4015 0.1405 0.926684 0.611764705882 0.078431372549 0.0 0.530477360994 0.0193658471035 0.847477866046 0.0802379536615 0.607286807591 0.688831670351 -0.395870765841 0.848230016469 111.0
-0.401061 0.1665 0.911 0.501960784314 0.043137254902 0.0 0.00182539592719 -0.0367720837774 0.999322011058 0.0342585192189 -0.982250169076 0.187374240882 0.00868902780633 2.95309709437 112.0
-0.401061 0.1665 0.911 0.501960784314 0.043137254902 0.0 0.00182539592719 -0.0367720837774 0.999322011058 0.0342585192189 -0.508771093916 0.860284937746 0.0325852709393 2.10486707791 112.0
-0.401061 0.1665 0.911 0.501960784314 0.043137254902 0.0 0.00182539592719 -0.0367720837774 0.999322011058 0.0342585192189 -0.217999587123 0.975274089662 0.0362853971875 1.79070781255 112.0
-0.400683 0.1245 0.925 0.603921568627 0.078431372549 0.0 0.566906019892 -0.162310959849 0.807634024125 0.119785665912 -0.120458339821 0.95352594387 0.276184834366 1.69646003294 113.0
-0.400683 0.1245 0.925 0.603921568627 0.078431372549 0.0 0.566906019892 -0.162310959849 0.807634024125 0.119785665912 -0.0909427247254 0.962073535284 0.257184629256 1.6650441064 113.0
-0.400683 0.1245 0.925 0.603921568627 0.078431372549 0.0 0.566906019892 -0.162310959849 0.807634024125 0.119785665912 -0.77556789715 0.225323303341 0.589681139161 2.85884931477 113.0
-0.4005 0.0645 0.917323 0.564705882353 0.0549019607843 0.0 0.428571671727 -0.201663084835 0.880714665717 0.104482955312 0.425779291553 0.90482705244 -7.63939825056e-06 1.13097335529 115.0
-0.4005 0.0645 0.917323 0.564705882353 0.0549019607843 0.0 0.428571671727 -0.201663084835 0.880714665717 0.104482955312 0.308317554729 0.948903862412 0.0672439242337 1.25663706144 115.0
-0.4005 0.0645 0.917323 0.564705882353 0.0549019607843 0.0 0.428571671727 -0.201663084835 0.880714665717 0.104482955312 0.15470296397 0.976756073091 0.14837306568 1.41371669412 115.0
-0.4005 0.0865 0.920415 0.592156862745 0.0627450980392 0.0 0.378830700276 -0.0352675428498 0.924793761306 0.0811162400281 -0.903572874956 0.20197246678 0.37784015444 2.92168116784 116.0
-0.4005 0.0865 0.920415 0.592156862745 0.0627450980392 0.0 0.378830700276 -0.0352675428498 0.924793761306 0.0811162400281 0.9245787006 0.0581695612981 -0.3765242735 0.0628318530718 116.0
-0.4005 0.0865 0.920415 0.592156862745 0.0627450980392 0.0 0.378830700276 -0.0352675428498 0.924793761306 0.0811162400281 0.683903332166 0.683903332166 -0.254071770382 0.785398163397 116.0
-0.4005 0.1735 0.911555 0.592156862745 0.043137254902 0.0 -0.0508679314856 -0.164505077721 0.985063720249 0.0322452928298 0.69880487675 0.69880487675 0.152785760007 0.785398163397 117.0
-0.4005 0.1735 0.911555 0.592156862745 0.043137254902 0.0 -0.0508679314856 -0.164505077721 0.985063720249 0.0322452928298 -0.0619684297985 0.984959986336 0.161287752251 1.63362817987 117.0
-0.4005 0.1735 0.911555 0.592156862745 0.043137254902 0.0 -0.0508679314856 -0.164505077721 0.985063720249 0.0322452928298 0.996112599107 0.06267009272 0.0619043567065 0.0628318530718 117.0
