-0.569415 0.073509 0.945808 0.113725 0.094118 0.062745 -0.593362 -0.061709 0.802567 0.038223
-0.567035 0.091479 0.946975 0.447059 0.419608 0.392157 -0.570058 0.025198 0.821218 0.039188
-0.561231 0.095449 0.950694 0.466667 0.454902 0.427451 -0.524505 0.100260 0.845483 0.024176
-0.558669 0.105209 0.949423 0.494118 0.474510 0.458824 -0.501788 0.175648 0.846969 0.018221
-0.556401 0.040529 0.951885 0.419608 0.376471 0.321569 -0.556260 -0.164837 0.814496 0.066183
-0.556227 0.069502 0.956287 0.129412 0.101961 0.066667 -0.593251 -0.005149 0.805001 0.052528
-0.555645 0.115021 0.948472 0.501961 0.486275 0.466667 -0.473164 0.264894 0.840206 0.036348
-0.555827 0.033384 0.951365 0.431373 0.392157 0.329412 -0.510528 -0.259952 0.819625 0.138917
-0.555414 0.054514 0.955527 0.121569 0.101961 0.066667 -0.566021 -0.088584 0.819617 0.016465
-0.550721 0.037400 0.955116 0.431373 0.392157 0.329412 -0.516580 -0.233115 0.823895 0.042637
-0.548881 0.073163 0.958233 0.031373 0.039216 0.019608 -0.543310 0.113233 0.831861 0.197909
-0.549629 0.035438 0.955110 0.431373 0.392157 0.321569 -0.516690 -0.247602 0.819588 0.045944
-0.548922 0.092577 0.958092 0.482353 0.458824 0.431373 -0.529862 0.166907 0.831497 0.045445
-0.548158 0.057546 0.960729 0.211765 0.164706 0.121569 -0.535240 -0.071322 0.841684 0.043229
-0.546777 0.105689 0.955490 0.501961 0.482353 0.466667 -0.420196 0.232568 0.877125 0.011064
-0.545680 0.114918 0.952999 0.521569 0.509804 0.486275 -0.387205 0.274845 0.880075 0.022451
-0.543095 0.080463 0.963387 0.101961 0.082353 0.066667 -0.384795 0.035047 0.922336 0.081136
-0.542235 0.065545 0.964064 0.156863 0.109804 0.070588 -0.379364 -0.064596 0.922990 0.033485
-0.541636 0.129114 0.948686 0.537255 0.537255 0.521569 -0.324270 0.376135 0.867970 0.066862
-0.541085 0.083368 0.963897 0.156863 0.129412 0.094118 -0.355421 0.111400 0.928044 0.080397
-0.541400 0.047531 0.963967 0.494118 0.458824 0.411765 -0.438663 -0.135845 0.888325 0.045062
-0.539841 0.097254 0.961858 0.529412 0.513725 0.486275 -0.411373 0.153394 0.898467 0.062437
-0.535748 0.105772 0.960707 0.556863 0.537255 0.521569 -0.355998 0.344573 0.868639 0.056552
-0.534249 0.062493 0.967062 0.494118 0.474510 0.447059 -0.316853 0.009284 0.948429 0.057162
-0.533813 0.021200 0.959510 0.529412 0.474510 0.403922 -0.418010 -0.399976 0.815651 0.047454
-0.531957 0.089354 0.966168 0.521569 0.494118 0.474510 -0.382677 0.102617 0.918166 0.010338
-0.531832 0.115661 0.957600 0.576471 0.564706 0.549020 -0.262599 0.329917 0.906751 0.026598
-0.531800 0.046514 0.968751 0.466667 0.439216 0.392157 -0.500726 -0.047070 0.864325 0.032926
-0.531196 0.075503 0.967997 0.513725 0.494118 0.466667 -0.375203 -0.003191 0.926937 0.048135
-0.530855 0.131383 0.950831 0.564706 0.556863 0.541176 -0.233591 0.404192 0.884344 0.021124
-0.529955 0.098162 0.965363 0.549020 0.529412 0.513725 -0.308112 0.219362 0.925714 0.070212
-0.530113 0.018826 0.958789 0.529412 0.474510 0.403922 0.253721 -0.135075 0.957800 0.135533
-0.528622 0.025344 0.963751 0.447059 0.400000 0.341176 -0.315953 -0.402707 0.859070 0.053796
-0.525043 0.110639 0.961390 0.592157 0.576471 0.564706 -0.205148 0.386772 0.899067 0.046409
-0.523696 0.021154 0.963539 0.537255 0.501961 0.431373 -0.288974 -0.508472 0.811141 0.020782
-0.521202 0.053617 0.977291 0.137255 0.149020 0.121569 -0.447526 -0.175239 0.876933 0.164874
-0.519288 0.040493 0.973048 0.564706 0.513725 0.458824 -0.157614 -0.134202 0.978339 0.053748
-0.518293 0.079431 0.971078 0.592157 0.564706 0.537255 -0.147937 0.049605 0.987752 0.049011
-0.518198 0.124249 0.956592 0.603922 0.576471 0.556863 -0.113313 0.413666 0.903350 0.029320
-0.517374 0.086321 0.970405 0.627451 0.592157 0.556863 -0.073157 0.104051 0.991878 0.069912
-0.517420 0.102755 0.965971 0.631373 0.603922 0.584314 -0.037635 0.351423 0.935460 0.065433
-0.517223 0.133012 0.952315 0.584314 0.568627 0.556863 -0.092932 0.499458 0.861339 0.021142
-0.516613 0.023268 0.966684 0.513725 0.474510 0.411765 -0.232856 -0.478032 0.846914 0.041335
-0.516322 0.114563 0.960682 0.611765 0.592157 0.568627 -0.068229 0.358097 0.931188 0.037507
-0.515587 0.008781 0.957475 0.584314 0.537255 0.466667 -0.065453 -0.543281 0.836996 0.142262
-0.515594 0.020553 0.965365 0.584314 0.537255 0.466667 -0.205595 -0.562802 0.800615 0.053750
-0.515209 0.065213 0.978787 0.129412 0.137255 0.137255 -0.407892 0.402461 0.819542 0.187428
-0.513359 0.049759 0.978949 0.149020 0.149020 0.113725 -0.205372 -0.376541 0.903349 0.193285
-0.513084 0.141319 0.948620 0.392157 0.400000 0.392157 -0.154329 0.437836 0.885710 0.127909
-0.512347 0.066185 0.979582 0.141176 0.164706 0.156863 -0.232767 0.480704 0.845425 0.241698
-0.505583 0.047703 0.978334 0.211765 0.203922 0.164706 0.202527 -0.493278 0.845967 0.243082
-0.503670 0.067375 0.978802 0.192157 0.211765 0.211765 0.227030 0.520538 0.823102 0.185438
-0.503615 0.113760 0.960906 0.627451 0.611765 0.592157 0.048653 0.312115 0.948798 0.012706
-0.502498 0.035485 0.972317 0.619608 0.564706 0.494118 0.054796 -0.398255 0.915637 0.097228
-0.502656 0.053656 0.980150 0.231373 0.231373 0.200000 0.293322 -0.294746 0.909443 0.209475
-0.502767 0.094004 0.968066 0.631373 0.603922 0.584314 0.141839 0.262855 0.954353 0.044091
-0.502829 0.100765 0.965464 0.647059 0.627451 0.611765 0.149846 0.334193 0.930517 0.028558
-0.502619 0.133105 0.952852 0.611765 0.603922 0.592157 0.038670 0.454267 0.890026 0.040739
-0.501232 0.045595 0.975666 0.247059 0.231373 0.184314 0.326684 -0.480586 0.813827 0.164707
-0.501592 0.076192 0.971641 0.592157 0.568627 0.556863 0.073055 0.245024 0.966761 0.117740
-0.501575 0.117709 0.959547 0.619608 0.603922 0.584314 0.027179 0.287340 0.957443 0.028264
-0.501863 0.142512 0.947821 0.403922 0.403922 0.403922 0.102163 0.436994 0.893644 0.052727
-0.499348 0.016518 0.963824 0.658824 0.603922 0.537255 0.147512 -0.578774 0.802035 0.082139
-0.499343 0.019426 0.965707 0.682353 0.631373 0.556863 0.180345 -0.551797 0.814245 0.061232
-0.495612 0.059493 0.977268 0.219608 0.231373 0.203922 0.551750 0.032086 0.833392 0.133857
-0.493279 0.019079 0.963773 0.674510 0.631373 0.556863 0.245839 -0.467923 0.848888 0.062668
-0.493828 0.111896 0.960625 0.654902 0.631373 0.603922 0.127688 0.234840 0.963611 0.018901
-0.494113 0.141744 0.947044 0.403922 0.431373 0.431373 0.193637 0.554868 0.809090 0.091003
-0.489324 0.019199 0.962765 0.686275 0.639216 0.564706 0.257410 -0.439828 0.860402 0.091802
-0.488384 0.022345 0.963702 0.682353 0.631373 0.549020 0.294887 -0.392765 0.871078 0.046516
-0.488989 0.098888 0.963887 0.647059 0.631373 0.603922 0.222469 0.278025 0.934457 0.028802
-0.487492 0.042493 0.971632 0.694118 0.639216 0.568627 0.326402 -0.286094 0.900895 0.119230
-0.487688 0.076833 0.970180 0.654902 0.627451 0.592157 0.217443 0.224527 0.949898 0.056153
-0.487893 0.092090 0.965819 0.447059 0.403922 0.376471 0.246908 0.257792 0.934120 0.017441
-0.488030 0.124465 0.955249 0.658824 0.647059 0.631373 0.192548 0.376366 0.906242 0.051335
-0.488112 0.133496 0.950396 0.647059 0.631373 0.627451 0.204833 0.444800 0.871893 0.044708
-0.485660 0.059491 0.972628 0.682353 0.639216 0.592157 0.250059 0.014678 0.968119 0.049503
-0.483322 0.026274 0.963466 0.694118 0.647059 0.576471 0.294514 -0.373235 0.879749 0.013430
-0.483125 0.104569 0.960633 0.658824 0.631373 0.603922 0.249183 0.217775 0.943653 0.036305
-0.478356 0.034362 0.964276 0.701961 0.647059 0.576471 0.374378 -0.359505 0.854750 0.007989
-0.479074 0.096976 0.961892 0.239216 0.200000 0.149020 0.313572 0.286579 0.905287 0.027628
-0.475885 0.090103 0.963623 0.082353 0.090196 0.078431 0.254630 0.324332 0.911028 0.110259
-0.474440 0.036446 0.963266 0.701961 0.654902 0.584314 0.387132 -0.348045 0.853811 0.021598
-0.474514 0.132310 0.947572 0.447059 0.439216 0.439216 0.304149 0.356768 0.883295 0.043007
-0.472392 0.031401 0.960455 0.701961 0.647059 0.568627 0.422774 -0.387862 0.819040 0.066945
-0.473092 0.062498 0.967385 0.701961 0.666667 0.603922 0.523985 0.001804 0.851725 0.069903
-0.473211 0.077170 0.965130 0.141176 0.109804 0.078431 0.434436 0.201817 0.877801 0.007182
-0.472798 0.120655 0.952525 0.658824 0.647059 0.631373 0.328158 0.305078 0.894002 0.042846
-0.472682 0.102988 0.957625 0.501961 0.466667 0.431373 0.481782 0.305752 0.821220 0.032017
-0.469022 0.013932 0.947025 0.658824 0.611765 0.537255 0.373002 -0.443445 0.815001 0.152257
-0.469263 0.093919 0.959240 0.231373 0.184314 0.149020 0.351905 0.268202 0.896789 0.024662
-0.467468 0.037463 0.960429 0.694118 0.647059 0.568627 0.359945 -0.413183 0.836493 0.033530
-0.467492 0.132127 0.945448 0.431373 0.427451 0.419608 0.328944 0.455486 0.827242 0.023244
-0.466092 0.078276 0.961719 0.231373 0.192157 0.137255 0.459570 0.173409 0.871048 0.091193
-0.465135 0.063521 0.962321 0.682353 0.647059 0.600000 0.558442 -0.025951 0.829138 0.032370
-0.463476 0.128357 0.945776 0.458824 0.447059 0.439216 0.322991 0.377930 0.867667 0.044740
-0.459787 0.042458 0.957124 0.701961 0.647059 0.576471 0.504348 -0.276592 0.818004 0.024691
-0.458571 0.019005 0.944085 0.419608 0.392157 0.349020 0.516519 -0.274963 0.810928 0.089928
-0.460690 0.116876 0.948984 0.658824 0.647059 0.611765 0.405966 0.212751 0.888780 0.055599
-0.460282 0.129844 0.943871 0.427451 0.427451 0.411765 0.223544 0.385993 0.895007 0.077316
-0.456868 0.054529 0.956926 0.686275 0.631373 0.584314 0.538653 -0.041851 0.841488 0.019729
-0.457764 0.098260 0.951978 0.239216 0.192157 0.149020 0.492235 0.093453 0.865432 0.038806
-0.456728 0.088337 0.953871 0.231373 0.200000 0.149020 0.530751 0.120916 0.838858 0.014284
-0.455790 0.066501 0.956597 0.219608 0.176471 0.129412 0.516421 -0.003052 0.856330 0.056824
-0.454228 0.118784 0.944975 0.666667 0.658824 0.627451 0.488337 0.290973 0.822716 0.060043
-0.452177 0.027306 0.941930 0.619608 0.568627 0.501961 0.375332 -0.225155 0.899128 0.144174
-0.451665 0.110054 0.945957 0.658824 0.639216 0.603922 0.487508 0.186385 0.852993 0.052921
-0.450157 0.098149 0.947678 0.231373 0.192157 0.149020 0.548187 0.116247 0.828237 0.026119
-0.448441 0.091406 0.947966 0.239216 0.203922 0.156863 0.568985 0.074639 0.818953 0.020176
-0.445823 0.033365 0.939572 0.568627 0.537255 0.474510 0.535391 -0.194240 0.821965 0.107747
-0.445720 0.064496 0.949181 0.231373 0.200000 0.137255 0.595704 0.010855 0.803131 0.055330
-0.446078 0.079466 0.947850 0.219608 0.176471 0.121569 0.588684 0.034433 0.807629 0.008107
-0.446449 0.105264 0.943833 0.674510 0.639216 0.603922 0.459773 0.114400 0.880637 0.038783
-0.443759 0.064499 0.947479 0.239216 0.200000 0.137255 0.588561 0.002800 0.808448 0.040251
-0.444279 0.091387 0.944890 0.219608 0.184314 0.129412 0.453388 0.065686 0.888890 0.055675
-0.444244 0.114987 0.939597 0.419608 0.411765 0.400000 0.370533 0.255127 0.893093 0.047482
-0.443089 0.068491 0.946518 0.219608 0.176471 0.129412 0.555253 0.015206 0.831543 0.014340
-0.442218 0.039339 0.938533 0.600000 0.568627 0.509804 0.514459 -0.294162 0.805481 0.114858
-0.434554 0.050503 0.934531 0.274510 0.274510 0.231373 0.542752 -0.034666 0.839177 0.185934
-0.433582 0.053504 0.934083 0.258824 0.231373 0.184314 0.535691 -0.028882 0.843920 0.260000
-0.430258 0.073535 0.932661 0.258824 0.231373 0.176471 0.576558 -0.084589 0.812666 0.244405
