0.01 0.01 0.02
0.01 0.015139583333333335 0.02
0.01 0.020279166666666668 0.02
0.01 0.025418750000000004 0.02
0.01 0.030558333333333333 0.02
0.01 0.03569791666666667 0.02
0.01 0.040837500000000006 0.02
0.01 0.045977083333333335 0.02
0.01 0.05111666666666667 0.02
0.01 0.05625625000000001 0.02
0.01 0.06139583333333334 0.02
0.01 0.06653541666666667 0.02
0.01 0.071675 0.02
0.01 0.07681458333333334 0.02
0.01 0.08195416666666666 0.02
0.01 0.08709375 0.02
0.01 0.09223333333333333 0.02
0.01 0.09737291666666667 0.02
0.01 0.1025125 0.02
0.01 0.10765208333333333 0.02
0.01 0.11279166666666667 0.021542999999999965
0.01 0.11793125 0.023542999999999967
0.01 0.12307083333333334 0.023542999999999967
0.01 0.1282104166666667 0.024542999999999968
0.01 0.13335000000000002 0.02554299999999997
0.01 0.13848958333333336 0.02654299999999997
0.01 0.1436291666666667 0.02754299999999997
0.01 0.14876875 0.02854299999999997
0.01 0.15390833333333334 0.029542999999999972
0.01 0.15904791666666668 0.030542999999999973
0.01 0.16418750000000001 0.031542999999999974
0.01 0.16932708333333335 0.033542999999999976
0.01 0.1744666666666667 0.033542999999999976
0.01 0.17960625000000002 0.033542999999999976
0.01 0.18474583333333336 0.032542999999999975
0.01 0.1898854166666667 0.031542999999999974
0.01 0.19502500000000003 0.030542999999999973
0.015387117647058825 0.01 0.02
0.015387117647058825 0.015139583333333335 0.02
0.015387117647058825 0.020279166666666668 0.02
0.015387117647058825 0.025418750000000004 0.02
0.015387117647058825 0.030558333333333333 0.02
0.015387117647058825 0.03569791666666667 0.02
0.015387117647058825 0.040837500000000006 0.02
0.015387117647058825 0.045977083333333335 0.02
0.015387117647058825 0.05111666666666667 0.02
0.015387117647058825 0.05625625000000001 0.02
0.015387117647058825 0.06139583333333334 0.02
0.015387117647058825 0.06653541666666667 0.02
0.015387117647058825 0.071675 0.02
0.015387117647058825 0.07681458333333334 0.02
0.015387117647058825 0.08195416666666666 0.02
0.015387117647058825 0.08709375 0.021542999999999965
0.015387117647058825 0.09223333333333333 0.022542999999999966
0.015387117647058825 0.09737291666666667 0.024542999999999968
0.015387117647058825 0.1025125 0.02554299999999997
0.015387117647058825 0.10765208333333333 0.02754299999999997
0.015387117647058825 0.11279166666666667 0.02754299999999997
0.015387117647058825 0.11793125 0.02854299999999997
0.015387117647058825 0.12307083333333334 0.029542999999999972
0.015387117647058825 0.1282104166666667 0.029542999999999972
0.015387117647058825 0.13335000000000002 0.029542999999999972
0.015387117647058825 0.13848958333333336 0.029542999999999972
0.015387117647058825 0.1436291666666667 0.031542999999999974
0.015387117647058825 0.14876875 0.032542999999999975
0.015387117647058825 0.15390833333333334 0.033542999999999976
0.015387117647058825 0.15904791666666668 0.034542999999999977
0.015387117647058825 0.16418750000000001 0.03554299999999998
0.015387117647058825 0.16932708333333335 0.03654299999999998
0.015387117647058825 0.1744666666666667 0.03754299999999998
0.015387117647058825 0.17960625000000002 0.03754299999999998
0.015387117647058825 0.18474583333333336 0.03654299999999998
0.015387117647058825 0.1898854166666667 0.03554299999999998
0.015387117647058825 0.19502500000000003 0.034542999999999977
0.020774235294117652 0.01 0.02
0.020774235294117652 0.015139583333333335 0.02
0.020774235294117652 0.020279166666666668 0.02
0.020774235294117652 0.025418750000000004 0.02
0.020774235294117652 0.030558333333333333 0.02
0.020774235294117652 0.03569791666666667 0.02
0.020774235294117652 0.040837500000000006 0.02
0.020774235294117652 0.045977083333333335 0.02
0.020774235294117652 0.05111666666666667 0.02
0.020774235294117652 0.05625625000000001 0.02
0.020774235294117652 0.06139583333333334 0.02
0.020774235294117652 0.06653541666666667 0.021542999999999965
0.020774235294117652 0.071675 0.022542999999999966
0.020774235294117652 0.07681458333333334 0.023542999999999967
0.020774235294117652 0.08195416666666666 0.02554299999999997
0.020774235294117652 0.08709375 0.02754299999999997
0.020774235294117652 0.09223333333333333 0.02854299999999997
0.020774235294117652 0.09737291666666667 0.029542999999999972
0.020774235294117652 0.1025125 0.031542999999999974
0.020774235294117652 0.10765208333333333 0.032542999999999975
0.020774235294117652 0.11279166666666667 0.032542999999999975
0.020774235294117652 0.11793125 0.033542999999999976
0.020774235294117652 0.12307083333333334 0.033542999999999976
0.020774235294117652 0.1282104166666667 0.033542999999999976
0.020774235294117652 0.13335000000000002 0.033542999999999976
0.020774235294117652 0.13848958333333336 0.033542999999999976
0.020774235294117652 0.1436291666666667 0.034542999999999977
0.020774235294117652 0.14876875 0.03554299999999998
0.020774235294117652 0.15390833333333334 0.03654299999999998
0.020774235294117652 0.15904791666666668 0.03754299999999998
0.020774235294117652 0.16418750000000001 0.03854299999999998
0.020774235294117652 0.16932708333333335 0.03954299999999998
0.020774235294117652 0.1744666666666667 0.04054299999999998
0.020774235294117652 0.17960625000000002 0.04054299999999998
0.020774235294117652 0.18474583333333336 0.04054299999999998
0.020774235294117652 0.1898854166666667 0.03854299999999998
0.020774235294117652 0.19502500000000003 0.03754299999999998
0.026161352941176476 0.01 0.02
0.026161352941176476 0.015139583333333335 0.02
0.026161352941176476 0.020279166666666668 0.02
0.026161352941176476 0.025418750000000004 0.02
0.026161352941176476 0.030558333333333333 0.02
0.026161352941176476 0.03569791666666667 0.02
0.026161352941176476 0.040837500000000006 0.02
0.026161352941176476 0.045977083333333335 0.02
0.026161352941176476 0.05111666666666667 0.021542999999999965
0.026161352941176476 0.05625625000000001 0.022542999999999966
0.026161352941176476 0.06139583333333334 0.024542999999999968
0.026161352941176476 0.06653541666666667 0.02554299999999997
0.026161352941176476 0.071675 0.02754299999999997
0.026161352941176476 0.07681458333333334 0.029542999999999972
0.026161352941176476 0.08195416666666666 0.030542999999999973
0.026161352941176476 0.08709375 0.031542999999999974
0.026161352941176476 0.09223333333333333 0.032542999999999975
0.026161352941176476 0.09737291666666667 0.033542999999999976
0.026161352941176476 0.1025125 0.034542999999999977
0.026161352941176476 0.10765208333333333 0.03554299999999998
0.026161352941176476 0.11279166666666667 0.03654299999999998
0.026161352941176476 0.11793125 0.03654299999999998
0.026161352941176476 0.12307083333333334 0.03654299999999998
0.026161352941176476 0.1282104166666667 0.03754299999999998
0.026161352941176476 0.13335000000000002 0.03854299999999998
0.026161352941176476 0.13848958333333336 0.03854299999999998
0.026161352941176476 0.1436291666666667 0.03754299999999998
0.026161352941176476 0.14876875 0.03954299999999998
0.026161352941176476 0.15390833333333334 0.03954299999999998
0.026161352941176476 0.15904791666666668 0.04154299999999998
0.026161352941176476 0.16418750000000001 0.04154299999999998
0.026161352941176476 0.16932708333333335 0.042542999999999984
0.026161352941176476 0.1744666666666667 0.043542999999999984
0.026161352941176476 0.17960625000000002 0.043542999999999984
0.026161352941176476 0.18474583333333336 0.042542999999999984
0.026161352941176476 0.1898854166666667 0.04054299999999998
0.026161352941176476 0.19502500000000003 0.03954299999999998
0.0315484705882353 0.01 0.02
0.0315484705882353 0.015139583333333335 0.02
0.0315484705882353 0.020279166666666668 0.02
0.0315484705882353 0.025418750000000004 0.02
0.0315484705882353 0.030558333333333333 0.02
0.0315484705882353 0.03569791666666667 0.02
0.0315484705882353 0.040837500000000006 0.022542999999999966
0.0315484705882353 0.045977083333333335 0.024542999999999968
0.0315484705882353 0.05111666666666667 0.02654299999999997
0.0315484705882353 0.05625625000000001 0.02754299999999997
0.0315484705882353 0.06139583333333334 0.029542999999999972
0.0315484705882353 0.06653541666666667 0.029542999999999972
0.0315484705882353 0.071675 0.032542999999999975
0.0315484705882353 0.07681458333333334 0.033542999999999976
0.0315484705882353 0.08195416666666666 0.034542999999999977
0.0315484705882353 0.08709375 0.03554299999999998
0.0315484705882353 0.09223333333333333 0.03654299999999998
0.0315484705882353 0.09737291666666667 0.03654299999999998
0.0315484705882353 0.1025125 0.03754299999999998
0.0315484705882353 0.10765208333333333 0.03754299999999998
0.0315484705882353 0.11279166666666667 0.03854299999999998
0.0315484705882353 0.11793125 0.03954299999999998
0.0315484705882353 0.12307083333333334 0.03954299999999998
0.0315484705882353 0.1282104166666667 0.04154299999999998
0.0315484705882353 0.13335000000000002 0.04154299999999998
0.0315484705882353 0.13848958333333336 0.04154299999999998
0.0315484705882353 0.1436291666666667 0.04154299999999998
0.0315484705882353 0.14876875 0.042542999999999984
0.0315484705882353 0.15390833333333334 0.043542999999999984
0.0315484705882353 0.15904791666666668 0.043542999999999984
0.0315484705882353 0.16418750000000001 0.044542999999999985
0.0315484705882353 0.16932708333333335 0.044542999999999985
0.0315484705882353 0.1744666666666667 0.044542999999999985
0.0315484705882353 0.17960625000000002 0.044542999999999985
0.0315484705882353 0.18474583333333336 0.044542999999999985
0.0315484705882353 0.1898854166666667 0.042542999999999984
0.0315484705882353 0.19502500000000003 0.04054299999999998
0.03693558823529413 0.01 0.02
0.03693558823529413 0.015139583333333335 0.02
0.03693558823529413 0.020279166666666668 0.02
0.03693558823529413 0.025418750000000004 0.02
0.03693558823529413 0.030558333333333333 0.022542999999999966
0.03693558823529413 0.03569791666666667 0.02554299999999997
0.03693558823529413 0.040837500000000006 0.02654299999999997
0.03693558823529413 0.045977083333333335 0.029542999999999972
0.03693558823529413 0.05111666666666667 0.030542999999999973
0.03693558823529413 0.05625625000000001 0.030542999999999973
0.03693558823529413 0.06139583333333334 0.032542999999999975
0.03693558823529413 0.06653541666666667 0.034542999999999977
0.03693558823529413 0.071675 0.03554299999999998
0.03693558823529413 0.07681458333333334 0.03654299999999998
0.03693558823529413 0.08195416666666666 0.03754299999999998
0.03693558823529413 0.08709375 0.03754299999999998
0.03693558823529413 0.09223333333333333 0.03954299999999998
0.03693558823529413 0.09737291666666667 0.03954299999999998
0.03693558823529413 0.1025125 0.04054299999999998
0.03693558823529413 0.10765208333333333 0.04154299999999998
0.03693558823529413 0.11279166666666667 0.04154299999999998
0.03693558823529413 0.11793125 0.042542999999999984
0.03693558823529413 0.12307083333333334 0.043542999999999984
0.03693558823529413 0.1282104166666667 0.043542999999999984
0.03693558823529413 0.13335000000000002 0.043542999999999984
0.03693558823529413 0.13848958333333336 0.043542999999999984
0.03693558823529413 0.1436291666666667 0.044542999999999985
0.03693558823529413 0.14876875 0.044542999999999985
0.03693558823529413 0.15390833333333334 0.04654299999999999
0.03693558823529413 0.15904791666666668 0.045542999999999986
0.03693558823529413 0.16418750000000001 0.04654299999999999
0.03693558823529413 0.16932708333333335 0.04654299999999999
0.03693558823529413 0.1744666666666667 0.04654299999999999
0.03693558823529413 0.17960625000000002 0.04654299999999999
0.03693558823529413 0.18474583333333336 0.045542999999999986
0.03693558823529413 0.1898854166666667 0.043542999999999984
0.03693558823529413 0.19502500000000003 0.04054299999999998
0.04232270588235296 0.01 0.02
0.04232270588235296 0.015139583333333335 0.02
0.04232270588235296 0.020279166666666668 0.02
0.04232270588235296 0.025418750000000004 0.023542999999999967
0.04232270588235296 0.030558333333333333 0.02554299999999997
0.04232270588235296 0.03569791666666667 0.02854299999999997
0.04232270588235296 0.040837500000000006 0.029542999999999972
0.04232270588235296 0.045977083333333335 0.030542999999999973
0.04232270588235296 0.05111666666666667 0.032542999999999975
0.04232270588235296 0.05625625000000001 0.033542999999999976
0.04232270588235296 0.06139583333333334 0.034542999999999977
0.04232270588235296 0.06653541666666667 0.03654299999999998
0.04232270588235296 0.071675 0.03654299999999998
0.04232270588235296 0.07681458333333334 0.03954299999999998
0.04232270588235296 0.08195416666666666 0.03954299999999998
0.04232270588235296 0.08709375 0.04054299999999998
0.04232270588235296 0.09223333333333333 0.04154299999999998
0.04232270588235296 0.09737291666666667 0.042542999999999984
0.04232270588235296 0.1025125 0.042542999999999984
0.04232270588235296 0.10765208333333333 0.043542999999999984
0.04232270588235296 0.11279166666666667 0.044542999999999985
0.04232270588235296 0.11793125 0.044542999999999985
0.04232270588235296 0.12307083333333334 0.045542999999999986
0.04232270588235296 0.1282104166666667 0.045542999999999986
0.04232270588235296 0.13335000000000002 0.04654299999999999
0.04232270588235296 0.13848958333333336 0.04654299999999999
0.04232270588235296 0.1436291666666667 0.04654299999999999
0.04232270588235296 0.14876875 0.04654299999999999
0.04232270588235296 0.15390833333333334 0.04754299999999999
0.04232270588235296 0.15904791666666668 0.04754299999999999
0.04232270588235296 0.16418750000000001 0.04854299999999999
0.04232270588235296 0.16932708333333335 0.04854299999999999
0.04232270588235296 0.1744666666666667 0.04754299999999999
0.04232270588235296 0.17960625000000002 0.04754299999999999
0.04232270588235296 0.18474583333333336 0.04654299999999999
0.04232270588235296 0.1898854166666667 0.043542999999999984
0.04232270588235296 0.19502500000000003 0.04154299999999998
0.047709823529411784 0.01 0.02
0.047709823529411784 0.015139583333333335 0.02
0.047709823529411784 0.020279166666666668 0.023542999999999967
0.047709823529411784 0.025418750000000004 0.02654299999999997
0.047709823529411784 0.030558333333333333 0.02754299999999997
0.047709823529411784 0.03569791666666667 0.029542999999999972
0.047709823529411784 0.040837500000000006 0.031542999999999974
0.047709823529411784 0.045977083333333335 0.032542999999999975
0.047709823529411784 0.05111666666666667 0.034542999999999977
0.047709823529411784 0.05625625000000001 0.03554299999999998
0.047709823529411784 0.06139583333333334 0.03654299999999998
0.047709823529411784 0.06653541666666667 0.03854299999999998
0.047709823529411784 0.071675 0.03954299999999998
0.047709823529411784 0.07681458333333334 0.04054299999999998
0.047709823529411784 0.08195416666666666 0.04054299999999998
0.047709823529411784 0.08709375 0.042542999999999984
0.047709823529411784 0.09223333333333333 0.043542999999999984
0.047709823529411784 0.09737291666666667 0.044542999999999985
0.047709823529411784 0.1025125 0.045542999999999986
0.047709823529411784 0.10765208333333333 0.045542999999999986
0.047709823529411784 0.11279166666666667 0.04654299999999999
0.047709823529411784 0.11793125 0.04654299999999999
0.047709823529411784 0.12307083333333334 0.04754299999999999
0.047709823529411784 0.1282104166666667 0.04754299999999999
0.047709823529411784 0.13335000000000002 0.04754299999999999
0.047709823529411784 0.13848958333333336 0.04754299999999999
0.047709823529411784 0.1436291666666667 0.04754299999999999
0.047709823529411784 0.14876875 0.04854299999999999
0.047709823529411784 0.15390833333333334 0.04954299999999999
0.047709823529411784 0.15904791666666668 0.04954299999999999
0.047709823529411784 0.16418750000000001 0.04954299999999999
0.047709823529411784 0.16932708333333335 0.04954299999999999
0.047709823529411784 0.1744666666666667 0.04854299999999999
0.047709823529411784 0.17960625000000002 0.04754299999999999
0.047709823529411784 0.18474583333333336 0.044542999999999985
0.047709823529411784 0.1898854166666667 0.043542999999999984
0.047709823529411784 0.19502500000000003 0.03854299999999998
0.05309694117647061 0.01 0.02
0.05309694117647061 0.015139583333333335 0.022542999999999966
0.05309694117647061 0.020279166666666668 0.02554299999999997
0.05309694117647061 0.025418750000000004 0.02754299999999997
0.05309694117647061 0.030558333333333333 0.02854299999999997
0.05309694117647061 0.03569791666666667 0.030542999999999973
0.05309694117647061 0.040837500000000006 0.032542999999999975
0.05309694117647061 0.045977083333333335 0.033542999999999976
0.05309694117647061 0.05111666666666667 0.03554299999999998
0.05309694117647061 0.05625625000000001 0.03754299999999998
0.05309694117647061 0.06139583333333334 0.03854299999999998
0.05309694117647061 0.06653541666666667 0.03954299999999998
0.05309694117647061 0.071675 0.04054299999999998
0.05309694117647061 0.07681458333333334 0.042542999999999984
0.05309694117647061 0.08195416666666666 0.042542999999999984
0.05309694117647061 0.08709375 0.043542999999999984
0.05309694117647061 0.09223333333333333 0.044542999999999985
0.05309694117647061 0.09737291666666667 0.045542999999999986
0.05309694117647061 0.1025125 0.04654299999999999
0.05309694117647061 0.10765208333333333 0.04754299999999999
0.05309694117647061 0.11279166666666667 0.04754299999999999
0.05309694117647061 0.11793125 0.04854299999999999
0.05309694117647061 0.12307083333333334 0.04854299999999999
0.05309694117647061 0.1282104166666667 0.04854299999999999
0.05309694117647061 0.13335000000000002 0.04954299999999999
0.05309694117647061 0.13848958333333336 0.04854299999999999
0.05309694117647061 0.1436291666666667 0.04854299999999999
0.05309694117647061 0.14876875 0.04954299999999999
0.05309694117647061 0.15390833333333334 0.04954299999999999
0.05309694117647061 0.15904791666666668 0.04954299999999999
0.05309694117647061 0.16418750000000001 0.04954299999999999
0.05309694117647061 0.16932708333333335 0.04954299999999999
0.05309694117647061 0.1744666666666667 0.04854299999999999
0.05309694117647061 0.17960625000000002 0.04654299999999999
0.05309694117647061 0.18474583333333336 0.045542999999999986
0.05309694117647061 0.1898854166666667 0.042542999999999984
0.05309694117647061 0.19502500000000003 0.03754299999999998
0.05848405882352944 0.01 0.02
0.05848405882352944 0.015139583333333335 0.023542999999999967
0.05848405882352944 0.020279166666666668 0.02654299999999997
0.05848405882352944 0.025418750000000004 0.02754299999999997
0.05848405882352944 0.030558333333333333 0.029542999999999972
0.05848405882352944 0.03569791666666667 0.031542999999999974
0.05848405882352944 0.040837500000000006 0.033542999999999976
0.05848405882352944 0.045977083333333335 0.034542999999999977
0.05848405882352944 0.05111666666666667 0.03654299999999998
0.05848405882352944 0.05625625000000001 0.03754299999999998
0.05848405882352944 0.06139583333333334 0.03954299999999998
0.05848405882352944 0.06653541666666667 0.03954299999999998
0.05848405882352944 0.071675 0.042542999999999984
0.05848405882352944 0.07681458333333334 0.042542999999999984
0.05848405882352944 0.08195416666666666 0.043542999999999984
0.05848405882352944 0.08709375 0.044542999999999985
0.05848405882352944 0.09223333333333333 0.045542999999999986
0.05848405882352944 0.09737291666666667 0.045542999999999986
0.05848405882352944 0.1025125 0.04654299999999999
0.05848405882352944 0.10765208333333333 0.04754299999999999
0.05848405882352944 0.11279166666666667 0.04854299999999999
0.05848405882352944 0.11793125 0.04954299999999999
0.05848405882352944 0.12307083333333334 0.05054299999999999
0.05848405882352944 0.1282104166666667 0.05054299999999999
0.05848405882352944 0.13335000000000002 0.05054299999999999
0.05848405882352944 0.13848958333333336 0.05054299999999999
0.05848405882352944 0.1436291666666667 0.04954299999999999
0.05848405882352944 0.14876875 0.05054299999999999
0.05848405882352944 0.15390833333333334 0.05054299999999999
0.05848405882352944 0.15904791666666668 0.05054299999999999
0.05848405882352944 0.16418750000000001 0.04954299999999999
0.05848405882352944 0.16932708333333335 0.04954299999999999
0.05848405882352944 0.1744666666666667 0.04754299999999999
0.05848405882352944 0.17960625000000002 0.04654299999999999
0.05848405882352944 0.18474583333333336 0.045542999999999986
0.05848405882352944 0.1898854166666667 0.042542999999999984
0.05848405882352944 0.19502500000000003 0.03854299999999998
0.06387117647058826 0.01 0.022542999999999966
0.06387117647058826 0.015139583333333335 0.024542999999999968
0.06387117647058826 0.020279166666666668 0.02754299999999997
0.06387117647058826 0.025418750000000004 0.02854299999999997
0.06387117647058826 0.030558333333333333 0.030542999999999973
0.06387117647058826 0.03569791666666667 0.031542999999999974
0.06387117647058826 0.040837500000000006 0.033542999999999976
0.06387117647058826 0.045977083333333335 0.034542999999999977
0.06387117647058826 0.05111666666666667 0.03654299999999998
0.06387117647058826 0.05625625000000001 0.03754299999999998
0.06387117647058826 0.06139583333333334 0.03954299999999998
0.06387117647058826 0.06653541666666667 0.04054299999999998
0.06387117647058826 0.071675 0.04154299999999998
0.06387117647058826 0.07681458333333334 0.042542999999999984
0.06387117647058826 0.08195416666666666 0.043542999999999984
0.06387117647058826 0.08709375 0.044542999999999985
0.06387117647058826 0.09223333333333333 0.045542999999999986
0.06387117647058826 0.09737291666666667 0.04654299999999999
0.06387117647058826 0.1025125 0.04754299999999999
0.06387117647058826 0.10765208333333333 0.04854299999999999
0.06387117647058826 0.11279166666666667 0.04854299999999999
0.06387117647058826 0.11793125 0.04954299999999999
0.06387117647058826 0.12307083333333334 0.05054299999999999
0.06387117647058826 0.1282104166666667 0.05054299999999999
0.06387117647058826 0.13335000000000002 0.05054299999999999
0.06387117647058826 0.13848958333333336 0.05054299999999999
0.06387117647058826 0.1436291666666667 0.05054299999999999
0.06387117647058826 0.14876875 0.05054299999999999
0.06387117647058826 0.15390833333333334 0.05054299999999999
0.06387117647058826 0.15904791666666668 0.05054299999999999
0.06387117647058826 0.16418750000000001 0.04954299999999999
0.06387117647058826 0.16932708333333335 0.04854299999999999
0.06387117647058826 0.1744666666666667 0.04754299999999999
0.06387117647058826 0.17960625000000002 0.045542999999999986
0.06387117647058826 0.18474583333333336 0.043542999999999984
0.06387117647058826 0.1898854166666667 0.042542999999999984
0.06387117647058826 0.19502500000000003 0.03554299999999998
0.06925829411764708 0.01 0.024542999999999968
0.06925829411764708 0.015139583333333335 0.02554299999999997
0.06925829411764708 0.020279166666666668 0.02754299999999997
0.06925829411764708 0.025418750000000004 0.02654299999999997
0.06925829411764708 0.030558333333333333 0.031542999999999974
0.06925829411764708 0.03569791666666667 0.032542999999999975
0.06925829411764708 0.040837500000000006 0.034542999999999977
0.06925829411764708 0.045977083333333335 0.03554299999999998
0.06925829411764708 0.05111666666666667 0.03654299999999998
0.06925829411764708 0.05625625000000001 0.03854299999999998
0.06925829411764708 0.06139583333333334 0.03854299999999998
0.06925829411764708 0.06653541666666667 0.04054299999999998
0.06925829411764708 0.071675 0.04154299999999998
0.06925829411764708 0.07681458333333334 0.042542999999999984
0.06925829411764708 0.08195416666666666 0.043542999999999984
0.06925829411764708 0.08709375 0.044542999999999985
0.06925829411764708 0.09223333333333333 0.044542999999999985
0.06925829411764708 0.09737291666666667 0.045542999999999986
0.06925829411764708 0.1025125 0.04654299999999999
0.06925829411764708 0.10765208333333333 0.04754299999999999
0.06925829411764708 0.11279166666666667 0.04954299999999999
0.06925829411764708 0.11793125 0.05054299999999999
0.06925829411764708 0.12307083333333334 0.05054299999999999
0.06925829411764708 0.1282104166666667 0.05054299999999999
0.06925829411764708 0.13335000000000002 0.05154299999999999
0.06925829411764708 0.13848958333333336 0.05054299999999999
0.06925829411764708 0.1436291666666667 0.05054299999999999
0.06925829411764708 0.14876875 0.05054299999999999
0.06925829411764708 0.15390833333333334 0.05054299999999999
0.06925829411764708 0.15904791666666668 0.05054299999999999
0.06925829411764708 0.16418750000000001 0.04954299999999999
0.06925829411764708 0.16932708333333335 0.04854299999999999
0.06925829411764708 0.1744666666666667 0.04654299999999999
0.06925829411764708 0.17960625000000002 0.045542999999999986
0.06925829411764708 0.18474583333333336 0.042542999999999984
0.06925829411764708 0.1898854166666667 0.04054299999999998
0.06925829411764708 0.19502500000000003 0.03654299999999998
0.0746454117647059 0.01 0.02554299999999997
0.0746454117647059 0.015139583333333335 0.02654299999999997
0.0746454117647059 0.020279166666666668 0.02854299999999997
0.0746454117647059 0.025418750000000004 0.029542999999999972
0.0746454117647059 0.030558333333333333 0.031542999999999974
0.0746454117647059 0.03569791666666667 0.033542999999999976
0.0746454117647059 0.040837500000000006 0.033542999999999976
0.0746454117647059 0.045977083333333335 0.033542999999999976
0.0746454117647059 0.05111666666666667 0.03654299999999998
0.0746454117647059 0.05625625000000001 0.03754299999999998
0.0746454117647059 0.06139583333333334 0.03854299999999998
0.0746454117647059 0.06653541666666667 0.03954299999999998
0.0746454117647059 0.071675 0.03954299999999998
0.0746454117647059 0.07681458333333334 0.04154299999999998
0.0746454117647059 0.08195416666666666 0.04154299999999998
0.0746454117647059 0.08709375 0.042542999999999984
0.0746454117647059 0.09223333333333333 0.043542999999999984
0.0746454117647059 0.09737291666666667 0.044542999999999985
0.0746454117647059 0.1025125 0.045542999999999986
0.0746454117647059 0.10765208333333333 0.04654299999999999
0.0746454117647059 0.11279166666666667 0.04754299999999999
0.0746454117647059 0.11793125 0.04954299999999999
0.0746454117647059 0.12307083333333334 0.05054299999999999
0.0746454117647059 0.1282104166666667 0.05054299999999999
0.0746454117647059 0.13335000000000002 0.05054299999999999
0.0746454117647059 0.13848958333333336 0.05154299999999999
0.0746454117647059 0.1436291666666667 0.05054299999999999
0.0746454117647059 0.14876875 0.04954299999999999
0.0746454117647059 0.15390833333333334 0.05054299999999999
0.0746454117647059 0.15904791666666668 0.04954299999999999
0.0746454117647059 0.16418750000000001 0.04854299999999999
0.0746454117647059 0.16932708333333335 0.04854299999999999
0.0746454117647059 0.1744666666666667 0.04754299999999999
0.0746454117647059 0.17960625000000002 0.045542999999999986
0.0746454117647059 0.18474583333333336 0.042542999999999984
0.0746454117647059 0.1898854166666667 0.04054299999999998
0.0746454117647059 0.19502500000000003 0.03554299999999998
0.08003252941176474 0.01 0.02654299999999997
0.08003252941176474 0.015139583333333335 0.02754299999999997
0.08003252941176474 0.020279166666666668 0.02854299999999997
0.08003252941176474 0.025418750000000004 0.030542999999999973
0.08003252941176474 0.030558333333333333 0.031542999999999974
0.08003252941176474 0.03569791666666667 0.031542999999999974
0.08003252941176474 0.040837500000000006 0.033542999999999976
0.08003252941176474 0.045977083333333335 0.034542999999999977
0.08003252941176474 0.05111666666666667 0.03554299999999998
0.08003252941176474 0.05625625000000001 0.03654299999999998
0.08003252941176474 0.06139583333333334 0.03654299999999998
0.08003252941176474 0.06653541666666667 0.03754299999999998
0.08003252941176474 0.071675 0.03554299999999998
0.08003252941176474 0.07681458333333334 0.03954299999999998
0.08003252941176474 0.08195416666666666 0.03954299999999998
0.08003252941176474 0.08709375 0.04054299999999998
0.08003252941176474 0.09223333333333333 0.04154299999999998
0.08003252941176474 0.09737291666666667 0.043542999999999984
0.08003252941176474 0.1025125 0.044542999999999985
0.08003252941176474 0.10765208333333333 0.045542999999999986
0.08003252941176474 0.11279166666666667 0.04754299999999999
0.08003252941176474 0.11793125 0.04854299999999999
0.08003252941176474 0.12307083333333334 0.04954299999999999
0.08003252941176474 0.1282104166666667 0.04954299999999999
0.08003252941176474 0.13335000000000002 0.04954299999999999
0.08003252941176474 0.13848958333333336 0.04954299999999999
0.08003252941176474 0.1436291666666667 0.04954299999999999
0.08003252941176474 0.14876875 0.04954299999999999
0.08003252941176474 0.15390833333333334 0.04954299999999999
0.08003252941176474 0.15904791666666668 0.04854299999999999
0.08003252941176474 0.16418750000000001 0.04854299999999999
0.08003252941176474 0.16932708333333335 0.04754299999999999
0.08003252941176474 0.1744666666666667 0.04654299999999999
0.08003252941176474 0.17960625000000002 0.044542999999999985
0.08003252941176474 0.18474583333333336 0.04154299999999998
0.08003252941176474 0.1898854166666667 0.03854299999999998
0.08003252941176474 0.19502500000000003 0.034542999999999977
0.08541964705882356 0.01 0.024542999999999968
0.08541964705882356 0.015139583333333335 0.02754299999999997
0.08541964705882356 0.020279166666666668 0.02854299999999997
0.08541964705882356 0.025418750000000004 0.029542999999999972
0.08541964705882356 0.030558333333333333 0.030542999999999973
0.08541964705882356 0.03569791666666667 0.030542999999999973
0.08541964705882356 0.040837500000000006 0.031542999999999974
0.08541964705882356 0.045977083333333335 0.033542999999999976
0.08541964705882356 0.05111666666666667 0.033542999999999976
0.08541964705882356 0.05625625000000001 0.034542999999999977
0.08541964705882356 0.06139583333333334 0.034542999999999977
0.08541964705882356 0.06653541666666667 0.03554299999999998
0.08541964705882356 0.071675 0.03554299999999998
0.08541964705882356 0.07681458333333334 0.03654299999999998
0.08541964705882356 0.08195416666666666 0.03754299999999998
0.08541964705882356 0.08709375 0.03754299999999998
0.08541964705882356 0.09223333333333333 0.03954299999999998
0.08541964705882356 0.09737291666666667 0.04054299999999998
0.08541964705882356 0.1025125 0.042542999999999984
0.08541964705882356 0.10765208333333333 0.043542999999999984
0.08541964705882356 0.11279166666666667 0.045542999999999986
0.08541964705882356 0.11793125 0.04754299999999999
0.08541964705882356 0.12307083333333334 0.04854299999999999
0.08541964705882356 0.1282104166666667 0.04854299999999999
0.08541964705882356 0.13335000000000002 0.04854299999999999
0.08541964705882356 0.13848958333333336 0.04854299999999999
0.08541964705882356 0.1436291666666667 0.04754299999999999
0.08541964705882356 0.14876875 0.04854299999999999
0.08541964705882356 0.15390833333333334 0.04854299999999999
0.08541964705882356 0.15904791666666668 0.04754299999999999
0.08541964705882356 0.16418750000000001 0.04754299999999999
0.08541964705882356 0.16932708333333335 0.04654299999999999
0.08541964705882356 0.1744666666666667 0.045542999999999986
0.08541964705882356 0.17960625000000002 0.043542999999999984
0.08541964705882356 0.18474583333333336 0.04154299999999998
0.08541964705882356 0.1898854166666667 0.03854299999999998
0.08541964705882356 0.19502500000000003 0.033542999999999976
0.09080676470588239 0.01 0.02754299999999997
0.09080676470588239 0.015139583333333335 0.02754299999999997
0.09080676470588239 0.020279166666666668 0.02754299999999997
0.09080676470588239 0.025418750000000004 0.02754299999999997
0.09080676470588239 0.030558333333333333 0.02854299999999997
0.09080676470588239 0.03569791666666667 0.02854299999999997
0.09080676470588239 0.040837500000000006 0.02854299999999997
0.09080676470588239 0.045977083333333335 0.030542999999999973
0.09080676470588239 0.05111666666666667 0.030542999999999973
0.09080676470588239 0.05625625000000001 0.031542999999999974
0.09080676470588239 0.06139583333333334 0.031542999999999974
0.09080676470588239 0.06653541666666667 0.033542999999999976
0.09080676470588239 0.071675 0.033542999999999976
0.09080676470588239 0.07681458333333334 0.032542999999999975
0.09080676470588239 0.08195416666666666 0.033542999999999976
0.09080676470588239 0.08709375 0.034542999999999977
0.09080676470588239 0.09223333333333333 0.03554299999999998
0.09080676470588239 0.09737291666666667 0.03754299999999998
0.09080676470588239 0.1025125 0.03954299999999998
0.09080676470588239 0.10765208333333333 0.04154299999999998
0.09080676470588239 0.11279166666666667 0.043542999999999984
0.09080676470588239 0.11793125 0.045542999999999986
0.09080676470588239 0.12307083333333334 0.04654299999999999
0.09080676470588239 0.1282104166666667 0.04754299999999999
0.09080676470588239 0.13335000000000002 0.04854299999999999
0.09080676470588239 0.13848958333333336 0.04654299999999999
0.09080676470588239 0.1436291666666667 0.04654299999999999
0.09080676470588239 0.14876875 0.04654299999999999
0.09080676470588239 0.15390833333333334 0.04654299999999999
0.09080676470588239 0.15904791666666668 0.04654299999999999
0.09080676470588239 0.16418750000000001 0.045542999999999986
0.09080676470588239 0.16932708333333335 0.044542999999999985
0.09080676470588239 0.1744666666666667 0.044542999999999985
0.09080676470588239 0.17960625000000002 0.042542999999999984
0.09080676470588239 0.18474583333333336 0.04054299999999998
0.09080676470588239 0.1898854166666667 0.03654299999999998
0.09080676470588239 0.19502500000000003 0.030542999999999973
0.09619388235294121 0.01 0.02654299999999997
0.09619388235294121 0.015139583333333335 0.02654299999999997
0.09619388235294121 0.020279166666666668 0.024542999999999968
0.09619388235294121 0.025418750000000004 0.02654299999999997
0.09619388235294121 0.030558333333333333 0.02554299999999997
0.09619388235294121 0.03569791666666667 0.02654299999999997
0.09619388235294121 0.040837500000000006 0.02654299999999997
0.09619388235294121 0.045977083333333335 0.02654299999999997
0.09619388235294121 0.05111666666666667 0.02654299999999997
0.09619388235294121 0.05625625000000001 0.02754299999999997
0.09619388235294121 0.06139583333333334 0.02854299999999997
0.09619388235294121 0.06653541666666667 0.030542999999999973
0.09619388235294121 0.071675 0.030542999999999973
0.09619388235294121 0.07681458333333334 0.030542999999999973
0.09619388235294121 0.08195416666666666 0.030542999999999973
0.09619388235294121 0.08709375 0.031542999999999974
0.09619388235294121 0.09223333333333333 0.031542999999999974
0.09619388235294121 0.09737291666666667 0.032542999999999975
0.09619388235294121 0.1025125 0.03554299999999998
0.09619388235294121 0.10765208333333333 0.03854299999999998
0.09619388235294121 0.11279166666666667 0.04054299999999998
0.09619388235294121 0.11793125 0.043542999999999984
0.09619388235294121 0.12307083333333334 0.044542999999999985
0.09619388235294121 0.1282104166666667 0.045542999999999986
0.09619388235294121 0.13335000000000002 0.044542999999999985
0.09619388235294121 0.13848958333333336 0.044542999999999985
0.09619388235294121 0.1436291666666667 0.044542999999999985
0.09619388235294121 0.14876875 0.044542999999999985
0.09619388235294121 0.15390833333333334 0.045542999999999986
0.09619388235294121 0.15904791666666668 0.044542999999999985
0.09619388235294121 0.16418750000000001 0.044542999999999985
0.09619388235294121 0.16932708333333335 0.042542999999999984
0.09619388235294121 0.1744666666666667 0.042542999999999984
0.09619388235294121 0.17960625000000002 0.03954299999999998
0.09619388235294121 0.18474583333333336 0.03554299999999998
0.09619388235294121 0.1898854166666667 0.033542999999999976
0.09619388235294121 0.19502500000000003 0.02854299999999997
0.10158100000000003 0.01 0.024542999999999968
0.10158100000000003 0.015139583333333335 0.024542999999999968
0.10158100000000003 0.020279166666666668 0.024542999999999968
0.10158100000000003 0.025418750000000004 0.023542999999999967
0.10158100000000003 0.030558333333333333 0.023542999999999967
0.10158100000000003 0.03569791666666667 0.022542999999999966
0.10158100000000003 0.040837500000000006 0.021542999999999965
0.10158100000000003 0.045977083333333335 0.02
0.10158100000000003 0.05111666666666667 0.02
0.10158100000000003 0.05625625000000001 0.02
0.10158100000000003 0.06139583333333334 0.02
0.10158100000000003 0.06653541666666667 0.02554299999999997
0.10158100000000003 0.071675 0.02
0.10158100000000003 0.07681458333333334 0.024542999999999968
0.10158100000000003 0.08195416666666666 0.02654299999999997
0.10158100000000003 0.08709375 0.02754299999999997
0.10158100000000003 0.09223333333333333 0.02654299999999997
0.10158100000000003 0.09737291666666667 0.02854299999999997
0.10158100000000003 0.1025125 0.031542999999999974
0.10158100000000003 0.10765208333333333 0.034542999999999977
0.10158100000000003 0.11279166666666667 0.03754299999999998
0.10158100000000003 0.11793125 0.04054299999999998
0.10158100000000003 0.12307083333333334 0.04154299999999998
0.10158100000000003 0.1282104166666667 0.042542999999999984
0.10158100000000003 0.13335000000000002 0.04154299999999998
0.10158100000000003 0.13848958333333336 0.04154299999999998
0.10158100000000003 0.1436291666666667 0.042542999999999984
0.10158100000000003 0.14876875 0.04154299999999998
0.10158100000000003 0.15390833333333334 0.042542999999999984
0.10158100000000003 0.15904791666666668 0.04154299999999998
0.10158100000000003 0.16418750000000001 0.04154299999999998
0.10158100000000003 0.16932708333333335 0.04054299999999998
0.10158100000000003 0.1744666666666667 0.03954299999999998
0.10158100000000003 0.17960625000000002 0.03654299999999998
0.10158100000000003 0.18474583333333336 0.033542999999999976
0.10158100000000003 0.1898854166666667 0.029542999999999972
0.10158100000000003 0.19502500000000003 0.023542999999999967
