-0.4925 0.1505 0.902075 0.501960784314 0.494117647059 0.494117647059 -0.646247497759 0.231384325113 0.727203868067 0.0252816035747
-0.491962 0.0865 0.9495 0.564705882353 0.564705882353 0.556862745098 -0.414908191638 0.521976792081 0.745245879586 0.196987965649
-0.4895 0.0955 0.944733 0.56862745098 0.564705882353 0.576470588235 -0.280184257098 0.498554402737 0.820329378717 0.184681201903
-0.4895 0.1595 0.901633 0.501960784314 0.509803921569 0.494117647059 -0.560987352446 0.313585772412 0.766131290143 0.0855392412779
-0.4885 0.0775 0.955469 0.576470588235 0.576470588235 0.592156862745 -0.075446358462 0.47055585015 0.879138805243 0.0706855339939
-0.487833 0.1075 0.9375 0.58431372549 0.576470588235 0.592156862745 -0.364261884662 0.553092134788 0.749267889221 0.118581919574
-0.487606 0.1555 0.9045 0.529411764706 0.537254901961 0.529411764706 -0.552666579393 0.314659862425 0.771718098142 0.072800088908
-0.4875 0.0995 0.942846 0.549019607843 0.537254901961 0.537254901961 -0.14736857844 0.505599782847 0.850089031616 0.145631705927
-0.4875 0.1795 0.894819 0.529411764706 0.529411764706 0.529411764706 -0.61508928902 0.296290427 0.730668973887 0.0655757822736
-0.4865 0.1155 0.932355 0.564705882353 0.564705882353 0.576470588235 -0.438818322086 0.502292162409 0.745077891085 0.0971874097923
-0.4865 0.1845 0.893557 0.513725490196 0.521568627451 0.521568627451 -0.599815420952 0.299703278291 0.741889079155 0.0835935149963
-0.4855 0.1625 0.902605 0.521568627451 0.521568627451 0.501960784314 -0.429088006321 0.369474448109 0.824240326013 0.0519387011643
-0.4845 0.1245 0.92736 0.556862745098 0.556862745098 0.576470588235 -0.435703301185 0.502342236182 0.746870076442 0.163273506858
-0.4845 0.127444 0.9255 0.549019607843 0.549019607843 0.576470588235 -0.488249194792 0.476019910374 0.731449088258 0.0940408564229
-0.4825 0.1705 0.900728 0.556862745098 0.564705882353 0.56862745098 -0.397850481123 0.31506214882 0.861655869272 0.076657023743
-0.4795 0.0975 0.944946 0.611764705882 0.603921568627 0.63137254902 -0.286191207944 0.565622483081 0.773411791434 0.0693581858771
-0.4795 0.1275 0.926848 0.564705882353 0.549019607843 0.556862745098 0.105789588009 0.482751902309 0.869344099816 0.232001791193
-0.4785 0.1085 0.936629 0.611764705882 0.619607843137 0.639215686275 -0.00358972589869 0.584641429246 0.811283867137 0.187681464242
-0.4785 0.1485 0.914456 0.537254901961 0.537254901961 0.529411764706 -0.0292863581125 0.604519753925 0.796051616632 0.263170584282
-0.4785 0.1585 0.907629 0.58431372549 0.6 0.603921568627 -0.190403722008 0.484144956954 0.854019954861 0.0820468516026
-0.4785 0.1725 0.901742 0.564705882353 0.576470588235 0.576470588235 -0.305742961125 0.281289987869 0.909613755639 0.051169301267
-0.4785 0.1895 0.896687 0.541176470588 0.564705882353 0.564705882353 -0.416977204819 0.307817358769 0.855206690983 0.0791556691999
-0.4775 0.075121 0.9585 0.58431372549 0.576470588235 0.592156862745 -0.117510551276 0.431786953476 0.894288151071 0.0234775053625
-0.4775 0.104489 0.9405 0.603921568627 0.603921568627 0.627450980392 -0.217700265403 0.612251296178 0.760101930515 0.0989761958073
-0.4775 0.1135 0.933771 0.6 0.603921568627 0.63137254902 0.0529213093613 0.501646318983 0.863452549748 0.176401659245
-0.4775 0.134945 0.9225 0.513725490196 0.513725490196 0.521568627451 0.275330769985 0.435598051486 0.856999010875 0.180398132656
-0.4775 0.1455 0.916682 0.513725490196 0.521568627451 0.521568627451 0.117612440197 0.531658698801 0.838752849116 0.235361083462
-0.4775 0.1675 0.903678 0.564705882353 0.58431372549 0.603921568627 -0.256865885004 0.346534695255 0.902182698851 0.0621106607754
-0.4755 0.0875 0.953049 0.592156862745 0.592156862745 0.611764705882 -0.205528160234 0.474465160527 0.855944499835 0.0820784982585
-0.4735 0.1715 0.903333 0.576470588235 0.6 0.603921568627 -0.165767977284 0.301755750339 0.938863379222 0.0829672901146
-0.4695 0.110598 0.9375 0.611764705882 0.627450980392 0.654901960784 -0.140199514615 0.655895931409 0.741717347284 0.0799721508518
-0.4685 0.1825 0.90143 0.549019607843 0.564705882353 0.58431372549 -0.12344372754 0.198041448552 0.972389443992 0.0301138610787
-0.4665 0.1055 0.942937 0.58431372549 0.592156862745 0.619607843137 -0.300923368716 0.634900123601 0.711580606264 0.201802233676
-0.4665 0.1215 0.930257 0.619607843137 0.63137254902 0.658823529412 -0.115456622457 0.563239520318 0.818187638065 0.0247964554268
-0.4665 0.1585 0.909269 0.6 0.619607843137 0.639215686275 -0.0965213657756 0.435580453555 0.894959940126 0.0512044385933
-0.4655 0.0805 0.957254 0.592156862745 0.592156862745 0.592156862745 0.0377627770576 0.349592196114 0.936140624631 0.0867179831236
-0.4655 0.0915 0.951988 0.603921568627 0.603921568627 0.63137254902 -0.000855114938293 0.480567539296 0.876957301671 0.0741193458897
-0.4655 0.0955 0.949876 0.611764705882 0.611764705882 0.63137254902 -0.0227084258018 0.509349507705 0.860260080673 0.0681617000733
-0.4655 0.1285 0.925798 0.603921568627 0.63137254902 0.647058823529 -0.067976448839 0.518615845182 0.852300890255 0.0458026817204
-0.4655 0.1395 0.919797 0.603921568627 0.627450980392 0.639215686275 -0.161209310514 0.467040012549 0.869416577299 0.0528865294953
-0.4655 0.1655 0.906148 0.6 0.619607843137 0.63137254902 -0.0735006415552 0.364393852204 0.928339795639 0.0549595979052
-0.464674 0.1845 0.9015 0.58431372549 0.611764705882 0.611764705882 -0.0704929779814 0.189813948567 0.979286171139 0.0160119308315
-0.4645 0.124469 0.9285 0.627450980392 0.639215686275 0.666666666667 -0.0463199291766 0.56941999247 0.820740724186 0.0738406294444
-0.4645 0.1735 0.903862 0.592156862745 0.619607843137 0.619607843137 -0.036466924572 0.243636008654 0.969180921552 0.0590004108716
-0.4635 0.1485 0.914878 0.564705882353 0.58431372549 0.592156862745 -0.0742761112378 0.486535596363 0.870497658108 0.0498023947282
-0.4565 0.1835 0.902219 0.564705882353 0.592156862745 0.592156862745 0.0584955540436 0.181831209712 0.981588346168 0.0353454947196
-0.4545 0.0915 0.950925 0.611764705882 0.619607843137 0.639215686275 0.15455062048 0.459708037938 0.874518510704 0.0317126075368
-0.4545 0.1245 0.927828 0.611764705882 0.63137254902 0.654901960784 0.13054386333 0.503536115108 0.854054846324 0.0558200540236
-0.4545 0.1475 0.915624 0.592156862745 0.619607843137 0.639215686275 0.119051995965 0.511156961872 0.851202198415 0.0679600678211
-0.4535 0.105097 0.9435 0.611764705882 0.619607843137 0.619607843137 0.50211701521 0.502889242562 0.703548799127 0.230803465428
-0.4535 0.1115 0.94088 0.658823529412 0.682352941176 0.686274509804 0.216663513515 0.457573656722 0.862370726884 0.143963672363
-0.4535 0.1755 0.903018 0.556862745098 0.592156862745 0.603921568627 0.0222618952314 0.221076185818 0.975002424656 0.03970278736
-0.4535 0.1885 0.900747 0.56862745098 0.6 0.6 0.0717731077692 0.200495095747 0.97706209505 0.0514368089017
-0.4525 0.0785 0.956085 0.56862745098 0.56862745098 0.576470588235 0.185937725626 0.294135203021 0.93750287708 0.0319749356818
-0.4525 0.1335 0.922737 0.611764705882 0.63137254902 0.654901960784 0.108482075997 0.453902764828 0.88442293009 0.0606255847517
-0.4525 0.1365 0.921335 0.611764705882 0.63137254902 0.639215686275 0.093750592623 0.444279017814 0.890969685631 0.0775173961013
-0.4525 0.1545 0.911478 0.603921568627 0.639215686275 0.639215686275 0.166010595643 0.463786357449 0.870254386245 0.0697552126828
-0.4525 0.1615 0.907991 0.611764705882 0.63137254902 0.639215686275 0.0817811057133 0.40690615745 0.909801753009 0.0458536794683
-0.4515 0.0935037 0.9495 0.603921568627 0.619607843137 0.647058823529 0.138490521527 0.485435769751 0.863233739432 0.0867005789096
-0.4515 0.1175 0.931154 0.611764705882 0.627450980392 0.639215686275 0.249634090645 0.454330192644 0.85514144844 0.065651973366
-0.4505 0.1805 0.901915 0.564705882353 0.592156862745 0.592156862745 0.062754425356 0.221718202767 0.973089369308 0.0744602094854
-0.447581 0.1065 0.9375 0.627450980392 0.647058823529 0.674509803922 0.364222984107 0.553153195969 0.749241723102 0.388623495693
-0.4475 0.147092 0.9135 0.6 0.611764705882 0.627450980392 0.379628213802 0.486453602556 0.786921414022 0.0420776391242
-0.4455 0.0875 0.950623 0.592156862745 0.592156862745 0.603921568627 0.28199999227 0.39545795899 0.874121849075 0.017298425067
-0.4445 0.0995 0.943497 0.603921568627 0.611764705882 0.63137254902 0.286972333054 0.583782066477 0.759503376504 0.097641276998
-0.4445 0.1235 0.926195 0.603921568627 0.627450980392 0.639215686275 0.120648074962 0.484165775238 0.866618453586 0.117668350101
-0.4445 0.1765 0.902242 0.576470588235 0.603921568627 0.611764705882 0.109760077529 0.202868227616 0.973035049525 0.100462085417
-0.4425 0.0805667 0.9525 0.564705882353 0.564705882353 0.56862745098 0.327081090915 0.301269935688 0.895686544398 0.11023792387
-0.4415 0.0955 0.944898 0.592156862745 0.603921568627 0.619607843137 0.409988436674 0.484427160948 0.772812918842 0.126074506163
-0.4415 0.1195 0.927855 0.513725490196 0.529411764706 0.529411764706 0.0681445462377 0.397381676459 0.915119732075 0.0688319351982
-0.4415 0.1345 0.920919 0.364705882353 0.356862745098 0.356862745098 -0.0948042447011 0.456729620737 0.884539546164 0.177968105578
-0.4415 0.1425 0.914934 0.447058823529 0.447058823529 0.466666666667 -0.192161195753 0.574730021849 0.795461800989 0.241328735338
-0.4415 0.1465 0.912 0.494117647059 0.521568627451 0.513725490196 0.0954335029922 0.577440335598 0.8108360533 0.230474577743
-0.4415 0.1545 0.908507 0.58431372549 0.603921568627 0.603921568627 0.162209182311 0.359185491512 0.919061458153 0.0635527070515
-0.4415 0.1605 0.906665 0.592156862745 0.611764705882 0.619607843137 0.224020745055 0.293022061983 0.9294906008 0.0615112092413
-0.4415 0.1885 0.897725 0.564705882353 0.6 0.592156862745 0.405498506143 0.279756181828 0.870234129556 0.0966169605537
-0.440205 0.1765 0.9015 0.56862745098 0.603921568627 0.603921568627 0.391315995026 0.205301688472 0.897063547776 0.131242265228
-0.4385 0.0865 0.948136 0.56862745098 0.58431372549 0.592156862745 0.419738684885 0.356605931704 0.834656603571 0.0910985867209
-0.4385 0.101857 0.9375 0.549019607843 0.564705882353 0.576470588235 0.22033607937 0.591798864401 0.775387719932 0.214883380193
-0.4365 0.1675 0.901939 0.564705882353 0.592156862745 0.6 0.369564465106 0.290249176225 0.882710327249 0.0847408463309
-0.4355 0.138642 0.9165 0.482352941176 0.482352941176 0.482352941176 0.582619512061 0.406046583684 0.704045933192 0.12277114493
-0.435408 0.1225 0.9255 0.513725490196 0.521568627451 0.537254901961 0.438060131207 0.472420198057 0.764802247587 0.197188986732
-0.434715 0.1315 0.9195 0.537254901961 0.564705882353 0.564705882353 0.564094310974 0.433722243502 0.702625521753 0.144871621101
-0.4345 0.0765 0.950302 0.549019607843 0.549019607843 0.549019607843 0.353041101164 0.270056942186 0.895785258232 0.0714415615825
-0.4345 0.1095 0.932607 0.56862745098 0.6 0.592156862745 0.176931415612 0.42536360989 0.887559053557 0.385712772852
-0.4345 0.1135 0.930354 0.564705882353 0.58431372549 0.592156862745 0.341559190694 0.433305469135 0.834016600357 0.316699796957
-0.4345 0.1545 0.9069 0.474509803922 0.482352941176 0.466666666667 0.43002294813 0.361928644293 0.82709607696 0.292696211945
-0.4345 0.1595 0.904199 0.556862745098 0.576470588235 0.576470588235 0.511686166013 0.411539662601 0.754196508622 0.142393179166
-0.4335 0.1005 0.938206 0.529411764706 0.529411764706 0.521568627451 0.0707643111889 0.382996511904 0.921035332727 0.354106957596
-0.4335 0.145415 0.9105 0.521568627451 0.549019607843 0.549019607843 0.568123143919 0.370034425688 0.735058240652 0.362405971653
-0.4335 0.1845 0.895124 0.529411764706 0.564705882353 0.556862745098 0.568480888695 0.212338253137 0.79482195833 0.131247308748
-0.4325 0.0785 0.949143 0.521568627451 0.521568627451 0.521568627451 0.332021443813 0.278701510619 0.901158825528 0.0448375269085
-0.4325 0.0885 0.945774 0.474509803922 0.474509803922 0.458823529412 0.289010530009 0.439152476749 0.850657402078 0.0938400252455
-0.4325 0.1665 0.900626 0.549019607843 0.56862745098 0.576470588235 0.614031340549 0.245480584825 0.750136517774 0.175944498192
-0.4325 0.173505 0.8985 0.541176470588 0.56862745098 0.56862745098 0.605041419175 0.26227415042 0.75175604494 0.114616233499
-0.4315 0.0988888 0.9375 0.564705882353 0.58431372549 0.592156862745 0.4571476073 0.522615748188 0.719644943626 0.246582356661
