-0.4925 0.1505 0.902075 0.501960784314 0.494117647059 0.494117647059 -0.646247497759 0.231384325113 0.727203868067 0.0252816035747 -0.0873652257891 0.924227549698 -0.371713268128 1.6650441064 0.0
-0.4925 0.1505 0.902075 0.501960784314 0.494117647059 0.494117647059 -0.646247497759 0.231384325113 0.727203868067 0.0252816035747 0.655760990427 0.655760990427 0.374105662707 0.785398163397 0.0
-0.4925 0.1505 0.902075 0.501960784314 0.494117647059 0.494117647059 -0.646247497759 0.231384325113 0.727203868067 0.0252816035747 0.476472831389 0.866700862809 0.147659254213 1.06814150222 0.0
-0.491962 0.0865 0.9495 0.564705882353 0.564705882353 0.556862745098 -0.414908191638 0.521976792081 0.745245879586 0.196987965649 0.727001319493 0.682699680817 -0.0734181671532 0.753982236862 1.0
-0.491962 0.0865 0.9495 0.564705882353 0.564705882353 0.556862745098 -0.414908191638 0.521976792081 0.745245879586 0.196987965649 -0.873717586532 1.06999544571e-16 -0.486433529873 3.14159265359 1.0
-0.491962 0.0865 0.9495 0.564705882353 0.564705882353 0.556862745098 -0.414908191638 0.521976792081 0.745245879586 0.196987965649 -0.855944157931 0.0538514418839 -0.514256376441 3.07876080052 1.0
-0.4895 0.0955 0.944733 0.56862745098 0.564705882353 0.576470588235 -0.280184257098 0.498554402737 0.820329378717 0.184681201903 0.279402686503 0.859913048492 -0.427181094862 1.25663706144 2.0
-0.4895 0.0955 0.944733 0.56862745098 0.564705882353 0.576470588235 -0.280184257098 0.498554402737 0.820329378717 0.184681201903 0.337032194994 0.851246154615 -0.402230386458 1.19380520836 2.0
-0.4895 0.0955 0.944733 0.56862745098 0.564705882353 0.576470588235 -0.280184257098 0.498554402737 0.820329378717 0.184681201903 0.903685590468 0.42524216032 0.0502141281628 0.439822971503 2.0
-0.4895 0.1595 0.901633 0.501960784314 0.509803921569 0.494117647059 -0.560987352446 0.313585772412 0.766131290143 0.0855392412779 0.806827781254 0.0 0.590786705502 0.0 3.0
-0.4895 0.1595 0.901633 0.501960784314 0.509803921569 0.494117647059 -0.560987352446 0.313585772412 0.766131290143 0.0855392412779 -0.659522163699 0.390040320322 -0.642572224822 2.60752190248 3.0
-0.4895 0.1595 0.901633 0.501960784314 0.509803921569 0.494117647059 -0.560987352446 0.313585772412 0.766131290143 0.0855392412779 0.827445779542 0.240395221446 0.50748755593 0.282743338823 3.0
-0.4885 0.0775 0.955469 0.576470588235 0.576470588235 0.592156862745 -0.075446358462 0.47055585015 0.879138805243 0.0706855339939 0.82557663253 0.523926862605 -0.209580214859 0.565486677646 4.0
-0.4885 0.0775 0.955469 0.576470588235 0.576470588235 0.592156862745 -0.075446358462 0.47055585015 0.879138805243 0.0706855339939 0.2783106473 0.856552097416 -0.434582199373 1.25663706144 4.0
-0.4885 0.0775 0.955469 0.576470588235 0.576470588235 0.592156862745 -0.075446358462 0.47055585015 0.879138805243 0.0706855339939 0.947736053004 0.307938110451 -0.0834894841825 0.314159265359 4.0
-0.487833 0.1075 0.9375 0.58431372549 0.576470588235 0.592156862745 -0.364261884662 0.553092134788 0.749267889221 0.118581919574 -0.881264168203 0.055444441905 -0.46936060732 3.07876080052 5.0
-0.487833 0.1075 0.9375 0.58431372549 0.576470588235 0.592156862745 -0.364261884662 0.553092134788 0.749267889221 0.118581919574 0.0254601857148 0.810156245725 -0.585660854468 1.53938040026 5.0
-0.487833 0.1075 0.9375 0.58431372549 0.576470588235 0.592156862745 -0.364261884662 0.553092134788 0.749267889221 0.118581919574 0.474586430728 0.80248182905 -0.361649877385 1.03672557568 5.0
-0.487606 0.1555 0.9045 0.529411764706 0.537254901961 0.529411764706 -0.552666579393 0.314659862425 0.771718098142 0.072800088908 -0.139088981482 0.878173267505 -0.457674521325 1.72787595947 6.0
-0.487606 0.1555 0.9045 0.529411764706 0.537254901961 0.529411764706 -0.552666579393 0.314659862425 0.771718098142 0.072800088908 -0.802125327417 0.0504654480702 -0.595019493518 3.07876080052 6.0
-0.487606 0.1555 0.9045 0.529411764706 0.537254901961 0.529411764706 -0.552666579393 0.314659862425 0.771718098142 0.072800088908 0.150216511544 0.948429727293 -0.279134469471 1.41371669412 6.0
-0.4875 0.0995 0.942846 0.549019607843 0.537254901961 0.537254901961 -0.14736857844 0.505599782847 0.850089031616 0.145631705927 0.915038326154 0.395972442865 -0.076880986992 0.408407044967 7.0
-0.4875 0.0995 0.942846 0.549019607843 0.537254901961 0.537254901961 -0.14736857844 0.505599782847 0.850089031616 0.145631705927 -0.531056270763 0.684633618909 -0.499255490848 2.23053078405 7.0
-0.4875 0.0995 0.942846 0.549019607843 0.537254901961 0.537254901961 -0.14736857844 0.505599782847 0.850089031616 0.145631705927 -0.853487982425 0.369337230689 -0.367625181242 2.73318560862 7.0
-0.4875 0.1795 0.894819 0.529411764706 0.529411764706 0.529411764706 -0.61508928902 0.296290427 0.730668973887 0.0655757822736 0.780633079544 0.0986168917331 0.61716019297 0.125663706144 8.0
-0.4875 0.1795 0.894819 0.529411764706 0.529411764706 0.529411764706 -0.61508928902 0.296290427 0.730668973887 0.0655757822736 -0.760009058905 0.0238842468805 -0.649473458374 3.11017672705 8.0
-0.4875 0.1795 0.894819 0.529411764706 0.529411764706 0.529411764706 -0.61508928902 0.296290427 0.730668973887 0.0655757822736 -0.629980808475 0.372569611545 -0.681407415213 2.60752190248 8.0
-0.4865 0.1155 0.932355 0.564705882353 0.564705882353 0.576470588235 -0.438818322086 0.502292162409 0.745077891085 0.0971874097923 -0.83480444373 0.0789122535246 -0.544861814567 3.04734487398 9.0
-0.4865 0.1155 0.932355 0.564705882353 0.564705882353 0.576470588235 -0.438818322086 0.502292162409 0.745077891085 0.0971874097923 0.878659262283 0.413465664187 0.238755199614 0.439822971503 9.0
-0.4865 0.1155 0.932355 0.564705882353 0.564705882353 0.576470588235 -0.438818322086 0.502292162409 0.745077891085 0.0971874097923 0.107708490239 0.852600492171 -0.511342626699 1.44513262065 9.0
-0.4865 0.1845 0.893557 0.513725490196 0.521568627451 0.521568627451 -0.599815420952 0.299703278291 0.741889079155 0.0835935149963 0.396659182801 0.916625288514 -0.0495940838854 1.16238928183 10.0
-0.4865 0.1845 0.893557 0.513725490196 0.521568627451 0.521568627451 -0.599815420952 0.299703278291 0.741889079155 0.0835935149963 0.603595062683 0.778150065955 0.173653318884 0.911061869541 10.0
-0.4865 0.1845 0.893557 0.513725490196 0.521568627451 0.521568627451 -0.599815420952 0.299703278291 0.741889079155 0.0835935149963 0.746792332386 0.542576389066 0.38459338829 0.628318530718 10.0
-0.4855 0.1625 0.902605 0.521568627451 0.521568627451 0.501960784314 -0.429088006321 0.369474448109 0.824240326013 0.0519387011643 0.328975700855 0.913765161468 -0.238344745976 1.2252211349 11.0
-0.4855 0.1625 0.902605 0.521568627451 0.521568627451 0.501960784314 -0.429088006321 0.369474448109 0.824240326013 0.0519387011643 0.898888433595 0.0849699740999 0.429860078921 0.0942477796077 11.0
-0.4855 0.1625 0.902605 0.521568627451 0.521568627451 0.501960784314 -0.429088006321 0.369474448109 0.824240326013 0.0519387011643 -0.881523383278 0.0277029883663 -0.471326923875 3.11017672705 11.0
-0.4845 0.1245 0.92736 0.556862745098 0.556862745098 0.576470588235 -0.435703301185 0.502342236182 0.746870076442 0.163273506858 -0.124812762637 0.78803676915 -0.60284311786 1.72787595947 12.0
-0.4845 0.1245 0.92736 0.556862745098 0.556862745098 0.576470588235 -0.435703301185 0.502342236182 0.746870076442 0.163273506858 -0.476130177619 0.575542516505 -0.664869059029 2.26194671058 12.0
-0.4845 0.1245 0.92736 0.556862745098 0.556862745098 0.576470588235 -0.435703301185 0.502342236182 0.746870076442 0.163273506858 -0.5457054705 0.512451546566 -0.663022587766 2.38761041673 12.0
-0.4845 0.127444 0.9255 0.549019607843 0.549019607843 0.576470588235 -0.488249194792 0.476019910374 0.731449088258 0.0940408564229 0.609549506715 0.785826488945 -0.104528121267 0.911061869541 13.0
-0.4845 0.127444 0.9255 0.549019607843 0.549019607843 0.576470588235 -0.488249194792 0.476019910374 0.731449088258 0.0940408564229 0.137742069031 0.869669196982 -0.474028069041 1.41371669412 13.0
-0.4845 0.127444 0.9255 0.549019607843 0.549019607843 0.576470588235 -0.488249194792 0.476019910374 0.731449088258 0.0940408564229 -0.171945579603 0.769240303762 -0.615389366762 1.79070781255 13.0
-0.4825 0.1705 0.900728 0.556862745098 0.564705882353 0.56862745098 -0.397850481123 0.31506214882 0.861655869272 0.076657023743 0.884099753051 0.382584126747 0.268322590583 0.408407044967 14.0
-0.4825 0.1705 0.900728 0.556862745098 0.564705882353 0.56862745098 -0.397850481123 0.31506214882 0.861655869272 0.076657023743 -0.0871508712719 0.92195991577 -0.377352142369 1.6650441064 14.0
-0.4825 0.1705 0.900728 0.556862745098 0.564705882353 0.56862745098 -0.397850481123 0.31506214882 0.861655869272 0.076657023743 -0.697248588001 0.506580751774 -0.507168954553 2.51327412287 14.0
-0.4795 0.0975 0.944946 0.611764705882 0.603921568627 0.63137254902 -0.286191207944 0.565622483081 0.773411791434 0.0693581858771 0.927184218755 0.367098201521 0.0746212766765 0.376991118431 15.0
-0.4795 0.0975 0.944946 0.611764705882 0.603921568627 0.63137254902 -0.286191207944 0.565622483081 0.773411791434 0.0693581858771 0.93785045871 0.0 0.34703964773 0.0 15.0
-0.4795 0.0975 0.944946 0.611764705882 0.603921568627 0.63137254902 -0.286191207944 0.565622483081 0.773411791434 0.0693581858771 -0.577477625843 0.542287586378 -0.610281709795 2.38761041673 15.0
-0.4795 0.1275 0.926848 0.564705882353 0.549019607843 0.556862745098 0.105789588009 0.482751902309 0.869344099816 0.232001791193 0.870949158518 0.376893356324 -0.315276008025 0.408407044967 16.0
-0.4795 0.1275 0.926848 0.564705882353 0.549019607843 0.556862745098 0.105789588009 0.482751902309 0.869344099816 0.232001791193 -0.6760424942 0.6760424942 -0.293143466704 2.35619449019 16.0
-0.4795 0.1275 0.926848 0.564705882353 0.549019607843 0.556862745098 0.105789588009 0.482751902309 0.869344099816 0.232001791193 -0.7230852075 0.637485362795 -0.266007885066 2.41902634326 16.0
-0.4785 0.1085 0.936629 0.611764705882 0.619607843137 0.639215686275 -0.00358972589869 0.584641429246 0.811283867137 0.187681464242 0.942220377694 0.27374032468 -0.193098406263 0.282743338823 17.0
-0.4785 0.1085 0.936629 0.611764705882 0.619607843137 0.639215686275 -0.00358972589869 0.584641429246 0.811283867137 0.187681464242 -0.721855598831 0.559928597949 -0.406699470905 2.48185819634 17.0
-0.4785 0.1085 0.936629 0.611764705882 0.619607843137 0.639215686275 -0.00358972589869 0.584641429246 0.811283867137 0.187681464242 0.914912132332 0.329388635775 -0.233321487938 0.345575191895 17.0
-0.4785 0.1485 0.914456 0.537254901961 0.537254901961 0.529411764706 -0.0292863581125 0.604519753925 0.796051616632 0.263170584282 -0.662834048517 0.584366820825 -0.468152157793 2.41902634326 18.0
-0.4785 0.1485 0.914456 0.537254901961 0.537254901961 0.529411764706 -0.0292863581125 0.604519753925 0.796051616632 0.263170584282 -0.708284781457 0.549401992964 -0.443272059218 2.48185819634 18.0
-0.4785 0.1485 0.914456 0.537254901961 0.537254901961 0.529411764706 -0.0292863581125 0.604519753925 0.796051616632 0.263170584282 -0.0749439028758 0.792823678919 -0.604825615833 1.6650441064 18.0
-0.4785 0.1585 0.907629 0.58431372549 0.6 0.603921568627 -0.190403722008 0.484144956954 0.854019954861 0.0820468516026 -0.858463166735 0.339889612232 -0.384078172846 2.76460153516 19.0
-0.4785 0.1585 0.907629 0.58431372549 0.6 0.603921568627 -0.190403722008 0.484144956954 0.854019954861 0.0820468516026 -0.506312389023 0.696879218362 -0.507944012404 2.19911485751 19.0
-0.4785 0.1585 0.907629 0.58431372549 0.6 0.603921568627 -0.190403722008 0.484144956954 0.854019954861 0.0820468516026 0.873671030728 0.480304713629 -0.0775004008589 0.502654824574 19.0
-0.4785 0.1725 0.901742 0.564705882353 0.576470588235 0.576470588235 -0.305742961125 0.281289987869 0.909613755639 0.051169301267 0.939959559025 0.241340595268 0.241310473196 0.251327412287 20.0
-0.4785 0.1725 0.901742 0.564705882353 0.576470588235 0.576470588235 -0.305742961125 0.281289987869 0.909613755639 0.051169301267 0.637240170951 0.770291044019 -0.0240139965757 0.879645943005 20.0
-0.4785 0.1725 0.901742 0.564705882353 0.576470588235 0.576470588235 -0.305742961125 0.281289987869 0.909613755639 0.051169301267 -0.940556405965 0.0591747933146 -0.33444280682 3.07876080052 20.0
-0.4785 0.1895 0.896687 0.541176470588 0.564705882353 0.564705882353 -0.416977204819 0.307817358769 0.855206690983 0.0791556691999 -0.824499453171 0.267896111868 -0.498429859627 2.82743338823 21.0
-0.4785 0.1895 0.896687 0.541176470588 0.564705882353 0.564705882353 -0.416977204819 0.307817358769 0.855206690983 0.0791556691999 -0.0872498130322 0.923006610262 -0.374761614281 1.6650441064 21.0
-0.4785 0.1895 0.896687 0.541176470588 0.564705882353 0.564705882353 -0.416977204819 0.307817358769 0.855206690983 0.0791556691999 0.859981171962 0.438182293201 0.261588726431 0.471238898038 21.0
-0.4775 0.075121 0.9585 0.58431372549 0.576470588235 0.592156862745 -0.117510551276 0.431786953476 0.894288151071 0.0234775053625 -0.713165846586 0.589982097707 -0.378570468537 2.4504422698 22.0
-0.4775 0.075121 0.9585 0.58431372549 0.576470588235 0.592156862745 -0.117510551276 0.431786953476 0.894288151071 0.0234775053625 0.662193829169 0.705164805395 -0.253459917624 0.816814089933 22.0
-0.4775 0.075121 0.9585 0.58431372549 0.576470588235 0.592156862745 -0.117510551276 0.431786953476 0.894288151071 0.0234775053625 -0.950339804444 0.212426114045 -0.227440986106 2.92168116784 22.0
-0.4775 0.104489 0.9405 0.603921568627 0.603921568627 0.627450980392 -0.217700265403 0.612251296178 0.760101930515 0.0989761958073 -0.792938170034 0.343134987087 -0.503495222559 2.73318560862 23.0
-0.4775 0.104489 0.9405 0.603921568627 0.603921568627 0.627450980392 -0.217700265403 0.612251296178 0.760101930515 0.0989761958073 -0.257476192622 0.715167637346 -0.649800939308 1.91637151869 23.0
-0.4775 0.104489 0.9405 0.603921568627 0.603921568627 0.627450980392 -0.217700265403 0.612251296178 0.760101930515 0.0989761958073 -0.538920535357 0.573892080684 -0.616613765901 2.32477856366 23.0
-0.4775 0.1135 0.933771 0.6 0.603921568627 0.63137254902 0.0529213093613 0.501646318983 0.863452549748 0.176401659245 0.949065135137 0.24367850985 -0.199740214042 0.251327412287 24.0
-0.4775 0.1135 0.933771 0.6 0.603921568627 0.63137254902 0.0529213093613 0.501646318983 0.863452549748 0.176401659245 0.865990836908 0.407504355706 -0.289827656501 0.439822971503 24.0
-0.4775 0.1135 0.933771 0.6 0.603921568627 0.63137254902 0.0529213093613 0.501646318983 0.863452549748 0.176401659245 0.73249481939 0.568181223351 -0.3749952493 0.659734457254 24.0
-0.4775 0.134945 0.9225 0.513725490196 0.513725490196 0.521568627451 0.275330769985 0.435598051486 0.856999010875 0.180398132656 0.4592032343 0.723588513739 -0.51531742877 1.00530964915 25.0
-0.4775 0.134945 0.9225 0.513725490196 0.513725490196 0.521568627451 0.275330769985 0.435598051486 0.856999010875 0.180398132656 0.481775520841 0.708911151174 -0.515109044048 0.973893722613 25.0
-0.4775 0.134945 0.9225 0.513725490196 0.513725490196 0.521568627451 0.275330769985 0.435598051486 0.856999010875 0.180398132656 0.758867022303 0.448792705921 -0.47191731222 0.53407075111 25.0
-0.4775 0.1455 0.916682 0.513725490196 0.521568627451 0.521568627451 0.117612440197 0.531658698801 0.838752849116 0.235361083462 0.0791116845901 0.83691420403 -0.541586517977 1.47654854719 26.0
-0.4775 0.1455 0.916682 0.513725490196 0.521568627451 0.521568627451 0.117612440197 0.531658698801 0.838752849116 0.235361083462 -0.242425070609 0.834432566186 -0.494926638633 1.85353966562 26.0
-0.4775 0.1455 0.916682 0.513725490196 0.521568627451 0.521568627451 0.117612440197 0.531658698801 0.838752849116 0.235361083462 0.182968396492 0.818553551776 -0.544511385336 1.35088484104 26.0
-0.4775 0.1675 0.903678 0.564705882353 0.58431372549 0.603921568627 -0.256865885004 0.346534695255 0.902182698851 0.0621106607754 0.961761723133 0.183465860791 0.203358466362 0.188495559215 27.0
-0.4775 0.1675 0.903678 0.564705882353 0.58431372549 0.603921568627 -0.256865885004 0.346534695255 0.902182698851 0.0621106607754 0.682081716065 0.726343253871 -0.0847939276447 0.816814089933 27.0
-0.4775 0.1675 0.903678 0.564705882353 0.58431372549 0.603921568627 -0.256865885004 0.346534695255 0.902182698851 0.0621106607754 0.0294110584648 0.935875055099 -0.351102365249 1.53938040026 27.0
-0.4755 0.0875 0.953049 0.592156862745 0.592156862745 0.611764705882 -0.205528160234 0.474465160527 0.855944499835 0.0820784982585 -0.264817569704 0.815024674634 -0.515370191721 1.88495559215 28.0
-0.4755 0.0875 0.953049 0.592156862745 0.592156862745 0.611764705882 -0.205528160234 0.474465160527 0.855944499835 0.0820784982585 -0.883137339575 0.286948716107 -0.37111840937 2.82743338823 28.0
-0.4755 0.0875 0.953049 0.592156862745 0.592156862745 0.611764705882 -0.205528160234 0.474465160527 0.855944499835 0.0820784982585 -0.962437806058 0.0605514543205 -0.264663920566 3.07876080052 28.0
-0.4735 0.1715 0.903333 0.576470588235 0.6 0.603921568627 -0.165767977284 0.301755750339 0.938863379222 0.0829672901146 -0.956522537532 0.182466432686 -0.227531615684 2.95309709437 29.0
-0.4735 0.1715 0.903333 0.576470588235 0.6 0.603921568627 -0.165767977284 0.301755750339 0.938863379222 0.0829672901146 0.210326874893 0.940948348343 -0.265290051542 1.35088484104 29.0
-0.4735 0.1715 0.903333 0.576470588235 0.6 0.603921568627 -0.165767977284 0.301755750339 0.938863379222 0.0829672901146 -0.984768080461 1.20599307764e-16 -0.173873021789 3.14159265359 29.0
-0.4695 0.110598 0.9375 0.611764705882 0.627450980392 0.654901960784 -0.140199514615 0.655895931409 0.741717347284 0.0799721508518 0.986535462622 0.156251867108 0.0483025363109 0.157079632679 30.0
-0.4695 0.110598 0.9375 0.611764705882 0.627450980392 0.654901960784 -0.140199514615 0.655895931409 0.741717347284 0.0799721508518 -0.497296405259 0.601128090563 -0.62557278078 2.26194671058 30.0
-0.4695 0.110598 0.9375 0.611764705882 0.627450980392 0.654901960784 -0.140199514615 0.655895931409 0.741717347284 0.0799721508518 -0.628467278875 0.519913348775 -0.578549037808 2.4504422698 30.0
-0.4685 0.1825 0.90143 0.549019607843 0.564705882353 0.58431372549 -0.12344372754 0.198041448552 0.972389443992 0.0301138610787 -0.242423451965 0.944177007408 -0.223070949743 1.82212373908 31.0
-0.4685 0.1825 0.90143 0.549019607843 0.564705882353 0.58431372549 -0.12344372754 0.198041448552 0.972389443992 0.0301138610787 -0.945313823324 0.274639053715 -0.175940801425 2.85884931477 31.0
-0.4685 0.1825 0.90143 0.549019607843 0.564705882353 0.58431372549 -0.12344372754 0.198041448552 0.972389443992 0.0301138610787 0.958266038057 0.27840201995 0.0649501007983 0.282743338823 31.0
-0.4665 0.1055 0.942937 0.58431372549 0.592156862745 0.619607843137 -0.300923368716 0.634900123601 0.711580606264 0.201802233676 0.445518061501 0.753329900982 -0.483743441467 1.03672557568 32.0
-0.4665 0.1055 0.942937 0.58431372549 0.592156862745 0.619607843137 -0.300923368716 0.634900123601 0.711580606264 0.201802233676 0.94864735797 0.275607535058 0.155269690655 0.282743338823 32.0
-0.4665 0.1055 0.942937 0.58431372549 0.592156862745 0.619607843137 -0.300923368716 0.634900123601 0.711580606264 0.201802233676 0.121256592015 0.765583991498 -0.631805342534 1.41371669412 32.0
-0.4665 0.1215 0.930257 0.619607843137 0.63137254902 0.658823529412 -0.115456622457 0.563239520318 0.818187638065 0.0247964554268 0.104350067339 0.826015837509 -0.553903330583 1.44513262065 33.0
-0.4665 0.1215 0.930257 0.619607843137 0.63137254902 0.658823529412 -0.115456622457 0.563239520318 0.818187638065 0.0247964554268 0.839030445581 0.49620122229 -0.223186599923 0.53407075111 33.0
-0.4665 0.1215 0.930257 0.619607843137 0.63137254902 0.658823529412 -0.115456622457 0.563239520318 0.818187638065 0.0247964554268 -0.816074582008 0.415810768219 -0.401402144529 2.67035375555 33.0
-0.4665 0.1585 0.909269 0.6 0.619607843137 0.639215686275 -0.0965213657756 0.435580453555 0.894959940126 0.0512044385933 0.729238713357 0.642910407967 -0.23425863115 0.722566310326 34.0
-0.4665 0.1585 0.909269 0.6 0.619607843137 0.639215686275 -0.0965213657756 0.435580453555 0.894959940126 0.0512044385933 0.683022777425 0.683022777425 -0.258765861423 0.785398163397 34.0
-0.4665 0.1585 0.909269 0.6 0.619607843137 0.639215686275 -0.0965213657756 0.435580453555 0.894959940126 0.0512044385933 -0.606109311611 0.687496063332 -0.399975830872 2.29336263712 34.0
-0.4655 0.0805 0.957254 0.592156862745 0.592156862745 0.592156862745 0.0377627770576 0.349592196114 0.936140624631 0.0867179831236 0.996007543674 0.0626634831924 -0.0635787764773 0.0628318530718 35.0
-0.4655 0.0805 0.957254 0.592156862745 0.592156862745 0.592156862745 0.0377627770576 0.349592196114 0.936140624631 0.0867179831236 -0.754523930621 0.624196480368 -0.202663247817 2.4504422698 35.0
-0.4655 0.0805 0.957254 0.592156862745 0.592156862745 0.592156862745 0.0377627770576 0.349592196114 0.936140624631 0.0867179831236 0.701044992046 0.658325066922 -0.274124105815 0.753982236862 35.0
-0.4655 0.0915 0.951988 0.603921568627 0.603921568627 0.63137254902 -0.000855114938293 0.480567539296 0.876957301671 0.0741193458897 -0.192345300336 0.860503408107 -0.471738455158 1.79070781255 36.0
-0.4655 0.0915 0.951988 0.603921568627 0.603921568627 0.63137254902 -0.000855114938293 0.480567539296 0.876957301671 0.0741193458897 0.705395296109 0.621889608016 -0.340104089463 0.722566310326 36.0
-0.4655 0.0915 0.951988 0.603921568627 0.603921568627 0.63137254902 -0.000855114938293 0.480567539296 0.876957301671 0.0741193458897 0.587354241653 0.709989314291 -0.388497320976 0.879645943005 36.0
-0.4655 0.0955 0.949876 0.611764705882 0.611764705882 0.63137254902 -0.0227084258018 0.509349507705 0.860260080673 0.0681617000733 -0.855215392187 0.435754007119 -0.280579896368 2.67035375555 37.0
-0.4655 0.0955 0.949876 0.611764705882 0.611764705882 0.63137254902 -0.0227084258018 0.509349507705 0.860260080673 0.0681617000733 -0.0270220283227 0.859854883347 -0.509822900201 1.60221225333 37.0
-0.4655 0.0955 0.949876 0.611764705882 0.611764705882 0.63137254902 -0.0227084258018 0.509349507705 0.860260080673 0.0681617000733 -0.347417308225 0.802834030306 -0.484519074679 1.97920337176 37.0
-0.4655 0.1285 0.925798 0.603921568627 0.63137254902 0.647058823529 -0.067976448839 0.518615845182 0.852300890255 0.0458026817204 0.134819382011 0.851216077381 -0.507203040056 1.41371669412 38.0
-0.4655 0.1285 0.925798 0.603921568627 0.63137254902 0.647058823529 -0.067976448839 0.518615845182 0.852300890255 0.0458026817204 0.68622672623 0.644409789094 -0.337385393767 0.753982236862 38.0
-0.4655 0.1285 0.925798 0.603921568627 0.63137254902 0.647058823529 -0.067976448839 0.518615845182 0.852300890255 0.0458026817204 -0.4182401369 0.760775984763 -0.496281259866 2.07345115137 38.0
-0.4655 0.1395 0.919797 0.603921568627 0.627450980392 0.639215686275 -0.161209310514 0.467040012549 0.869416577299 0.0528865294953 -0.320131353721 0.808559502251 -0.493707856616 1.94778744523 39.0
-0.4655 0.1395 0.919797 0.603921568627 0.627450980392 0.639215686275 -0.161209310514 0.467040012549 0.869416577299 0.0528865294953 5.39419593605e-17 0.880939049497 -0.473229744491 1.57079632679 39.0
-0.4655 0.1395 0.919797 0.603921568627 0.627450980392 0.639215686275 -0.161209310514 0.467040012549 0.869416577299 0.0528865294953 -0.824668423578 0.420189549208 -0.37863271635 2.67035375555 39.0
-0.4655 0.1655 0.906148 0.6 0.619607843137 0.63137254902 -0.0735006415552 0.364393852204 0.928339795639 0.0549595979052 0.291773243681 0.897985708666 -0.329378264771 1.25663706144 40.0
-0.4655 0.1655 0.906148 0.6 0.619607843137 0.63137254902 -0.0735006415552 0.364393852204 0.928339795639 0.0549595979052 -0.995351784959 0.0312801900008 -0.0910844327658 3.11017672705 40.0
-0.4655 0.1655 0.906148 0.6 0.619607843137 0.63137254902 -0.0735006415552 0.364393852204 0.928339795639 0.0549595979052 -0.813651867368 0.516359176515 -0.267102676057 2.57610597594 40.0
-0.464674 0.1845 0.9015 0.58431372549 0.611764705882 0.611764705882 -0.0704929779814 0.189813948567 0.979286171139 0.0160119308315 0.748055447023 0.659499590215 -0.0739820159588 0.722566310326 41.0
-0.464674 0.1845 0.9015 0.58431372549 0.611764705882 0.611764705882 -0.0704929779814 0.189813948567 0.979286171139 0.0160119308315 0.975535301009 0.218057974777 0.0279570406404 0.219911485751 41.0
-0.464674 0.1845 0.9015 0.58431372549 0.611764705882 0.611764705882 -0.0704929779814 0.189813948567 0.979286171139 0.0160119308315 -0.991562631477 0.0937302650319 -0.0895443201775 3.04734487398 41.0
-0.4645 0.124469 0.9285 0.627450980392 0.639215686275 0.666666666667 -0.0463199291766 0.56941999247 0.820740724186 0.0738406294444 0.979567798229 0.186862551277 -0.0743593679528 0.188495559215 42.0
-0.4645 0.124469 0.9285 0.627450980392 0.639215686275 0.666666666667 -0.0463199291766 0.56941999247 0.820740724186 0.0738406294444 -0.85496643002 0.402316663603 -0.327373953952 2.70176968209 42.0
-0.4645 0.124469 0.9285 0.627450980392 0.639215686275 0.666666666667 -0.0463199291766 0.56941999247 0.820740724186 0.0738406294444 0.760673748365 0.552661828124 -0.340500150197 0.628318530718 42.0
-0.4645 0.1735 0.903862 0.592156862745 0.619607843137 0.619607843137 -0.036466924572 0.243636008654 0.969180921552 0.0590004108716 -0.622838526543 0.752882446426 -0.212697418219 2.26194671058 43.0
-0.4645 0.1735 0.903862 0.592156862745 0.619607843137 0.619607843137 -0.036466924572 0.243636008654 0.969180921552 0.0590004108716 0.472200974617 0.858930384187 -0.198153563406 1.06814150222 43.0
-0.4645 0.1735 0.903862 0.592156862745 0.619607843137 0.619607843137 -0.036466924572 0.243636008654 0.969180921552 0.0590004108716 0.121741811223 0.963685666162 -0.237673869482 1.44513262065 43.0
-0.4635 0.1485 0.914878 0.564705882353 0.58431372549 0.592156862745 -0.0742761112378 0.486535596363 0.870497658108 0.0498023947282 -0.450793688596 0.762250499226 -0.464498898547 2.10486707791 44.0
-0.4635 0.1485 0.914878 0.564705882353 0.58431372549 0.592156862745 -0.0742761112378 0.486535596363 0.870497658108 0.0498023947282 0.997222012101 0.0313389642565 0.0675731300226 0.0314159265359 44.0
-0.4635 0.1485 0.914878 0.564705882353 0.58431372549 0.592156862745 -0.0742761112378 0.486535596363 0.870497658108 0.0498023947282 0.982072459136 0.187340340898 -0.0209112811435 0.188495559215 44.0
-0.4565 0.1835 0.902219 0.564705882353 0.592156862745 0.592156862745 0.0584955540436 0.181831209712 0.981588346168 0.0353454947196 0.389902680625 0.901011933207 -0.190140463499 1.16238928183 45.0
-0.4565 0.1835 0.902219 0.564705882353 0.592156862745 0.592156862745 0.0584955540436 0.181831209712 0.981588346168 0.0353454947196 -0.123429452559 0.977044722906 -0.173634039525 1.69646003294 45.0
-0.4565 0.1835 0.902219 0.564705882353 0.592156862745 0.592156862745 0.0584955540436 0.181831209712 0.981588346168 0.0353454947196 0.627263481953 0.758231298676 -0.177836503326 0.879645943005 45.0
-0.4545 0.0915 0.950925 0.611764705882 0.619607843137 0.639215686275 0.15455062048 0.459708037938 0.874518510704 0.0317126075368 -0.755709190283 0.625177012435 -0.195082861485 2.4504422698 46.0
-0.4545 0.0915 0.950925 0.611764705882 0.619607843137 0.639215686275 0.15455062048 0.459708037938 0.874518510704 0.0317126075368 -0.798094756138 0.579849781712 -0.163765047776 2.51327412287 46.0
-0.4545 0.0915 0.950925 0.611764705882 0.619607843137 0.639215686275 0.15455062048 0.459708037938 0.874518510704 0.0317126075368 -0.837017630108 0.531187540451 -0.131306069004 2.57610597594 46.0
-0.4545 0.1245 0.927828 0.611764705882 0.63137254902 0.654901960784 0.13054386333 0.503536115108 0.854054846324 0.0558200540236 0.0270046214022 0.859300986154 -0.510756855674 1.53938040026 47.0
-0.4545 0.1245 0.927828 0.611764705882 0.63137254902 0.654901960784 0.13054386333 0.503536115108 0.854054846324 0.0558200540236 0.980563017499 0.0616917959672 -0.18625329802 0.0628318530718 47.0
-0.4545 0.1245 0.927828 0.611764705882 0.63137254902 0.654901960784 0.13054386333 0.503536115108 0.854054846324 0.0558200540236 0.238300953212 0.820237260998 -0.520022587365 1.28805298797 47.0
-0.4545 0.1475 0.915624 0.592156862745 0.619607843137 0.639215686275 0.119051995965 0.511156961872 0.851202198415 0.0679600678211 0.626450914816 0.626450914816 -0.463808691868 0.785398163397 48.0
-0.4545 0.1475 0.915624 0.592156862745 0.619607843137 0.639215686275 0.119051995965 0.511156961872 0.851202198415 0.0679600678211 -0.437859124235 0.796462790244 -0.417044855 2.07345115137 48.0
-0.4545 0.1475 0.915624 0.592156862745 0.619607843137 0.639215686275 0.119051995965 0.511156961872 0.851202198415 0.0679600678211 -0.273276072598 0.841057269737 -0.466843503937 1.88495559215 48.0
-0.4535 0.105097 0.9435 0.611764705882 0.619607843137 0.619607843137 0.50211701521 0.502889242562 0.703548799127 0.230803465428 -0.493615327017 0.834657935467 -0.244315451203 2.10486707791 49.0
-0.4535 0.105097 0.9435 0.611764705882 0.619607843137 0.619607843137 0.50211701521 0.502889242562 0.703548799127 0.230803465428 0.655963006141 0.308672760487 -0.688791449938 0.439822971503 49.0
-0.4535 0.105097 0.9435 0.611764705882 0.619607843137 0.619607843137 0.50211701521 0.502889242562 0.703548799127 0.230803465428 -0.523191056267 0.824417187268 -0.215887516959 2.13628300444 49.0
-0.4535 0.1115 0.94088 0.658823529412 0.682352941176 0.686274509804 0.216663513515 0.457573656722 0.862370726884 0.143963672363 -0.398914621634 0.847736722827 -0.349584858678 2.0106192983 50.0
-0.4535 0.1115 0.94088 0.658823529412 0.682352941176 0.686274509804 0.216663513515 0.457573656722 0.862370726884 0.143963672363 0.109451627677 0.866398845804 -0.487209791761 1.44513262065 50.0
-0.4535 0.1115 0.94088 0.658823529412 0.682352941176 0.686274509804 0.216663513515 0.457573656722 0.862370726884 0.143963672363 0.839630243391 0.363340451515 -0.403738492932 0.408407044967 50.0
-0.4535 0.1755 0.903018 0.556862745098 0.592156862745 0.603921568627 0.0222618952314 0.221076185818 0.975002424656 0.03970278736 0.83608410786 0.530595109218 -0.139399406952 0.565486677646 51.0
-0.4535 0.1755 0.903018 0.556862745098 0.592156862745 0.603921568627 0.0222618952314 0.221076185818 0.975002424656 0.03970278736 -0.527424091148 0.831087382923 -0.176401785769 2.13628300444 51.0
-0.4535 0.1755 0.903018 0.556862745098 0.592156862745 0.603921568627 0.0222618952314 0.221076185818 0.975002424656 0.03970278736 0.330751828811 0.918698546652 -0.215861548494 1.2252211349 51.0
-0.4535 0.1885 0.900747 0.56862745098 0.6 0.6 0.0717731077692 0.200495095747 0.97706209505 0.0514368089017 0.996333904748 0.0313110543586 -0.0796138689192 0.0314159265359 52.0
-0.4535 0.1885 0.900747 0.56862745098 0.6 0.6 0.0717731077692 0.200495095747 0.97706209505 0.0514368089017 -0.917663680749 0.397108535247 -0.014077651371 2.73318560862 52.0
-0.4535 0.1885 0.900747 0.56862745098 0.6 0.6 0.0717731077692 0.200495095747 0.97706209505 0.0514368089017 0.832112493764 0.52807464627 -0.169487361443 0.565486677646 52.0
-0.4525 0.0785 0.956085 0.56862745098 0.56862745098 0.576470588235 0.185937725626 0.294135203021 0.93750287708 0.0319749356818 0.205931464962 0.921284414681 -0.32988976796 1.35088484104 53.0
-0.4525 0.0785 0.956085 0.56862745098 0.56862745098 0.576470588235 0.185937725626 0.294135203021 0.93750287708 0.0319749356818 -0.981814887626 0.0928088319469 0.16560811317 3.04734487398 53.0
-0.4525 0.0785 0.956085 0.56862745098 0.56862745098 0.576470588235 0.185937725626 0.294135203021 0.93750287708 0.0319749356818 -0.582326320204 0.801503418944 -0.13597178464 2.19911485751 53.0
-0.4525 0.1335 0.922737 0.611764705882 0.63137254902 0.654901960784 0.108482075997 0.453902764828 0.88442293009 0.0606255847517 0.960014646095 0.183132588022 -0.211741196952 0.188495559215 54.0
-0.4525 0.1335 0.922737 0.611764705882 0.63137254902 0.654901960784 0.108482075997 0.453902764828 0.88442293009 0.0606255847517 -0.337935797326 0.853528393588 -0.396596366883 1.94778744523 54.0
-0.4525 0.1335 0.922737 0.611764705882 0.63137254902 0.654901960784 0.108482075997 0.453902764828 0.88442293009 0.0606255847517 0.352396252283 0.814339691165 -0.461159136058 1.16238928183 54.0
-0.4525 0.1365 0.921335 0.611764705882 0.63137254902 0.639215686275 0.093750592623 0.444279017814 0.890969685631 0.0775173961013 0.407345698872 0.799460947978 -0.441510672881 1.09955742876 55.0
-0.4525 0.1365 0.921335 0.611764705882 0.63137254902 0.639215686275 0.093750592623 0.444279017814 0.890969685631 0.0775173961013 -0.582117862519 0.750461826343 -0.312963003146 2.23053078405 55.0
-0.4525 0.1365 0.921335 0.611764705882 0.63137254902 0.639215686275 0.093750592623 0.444279017814 0.890969685631 0.0775173961013 0.756701034875 0.549775482822 -0.353766112436 0.628318530718 55.0
-0.4525 0.1545 0.911478 0.603921568627 0.639215686275 0.639215686275 0.166010595643 0.463786357449 0.870254386245 0.0697552126828 0.242902759033 0.836076780527 -0.491908392609 1.28805298797 56.0
-0.4525 0.1545 0.911478 0.603921568627 0.639215686275 0.639215686275 0.166010595643 0.463786357449 0.870254386245 0.0697552126828 0.789159235213 0.466707470696 -0.399264120946 0.53407075111 56.0
-0.4525 0.1545 0.911478 0.603921568627 0.639215686275 0.639215686275 0.166010595643 0.463786357449 0.870254386245 0.0697552126828 0.0276539637133 0.879963393525 -0.474235895253 1.53938040026 56.0
-0.4525 0.1615 0.907991 0.611764705882 0.63137254902 0.639215686275 0.0817811057133 0.40690615745 0.909801753009 0.0458536794683 5.58965259786e-17 0.912859544769 -0.408273745819 1.57079632679 57.0
-0.4525 0.1615 0.907991 0.611764705882 0.63137254902 0.639215686275 0.0817811057133 0.40690615745 0.909801753009 0.0458536794683 0.114080214694 0.903037884757 -0.414135585659 1.44513262065 57.0
-0.4525 0.1615 0.907991 0.611764705882 0.63137254902 0.639215686275 0.0817811057133 0.40690615745 0.909801753009 0.0458536794683 -0.0574578384348 0.913266189634 -0.403290792945 1.63362817987 57.0
-0.4515 0.0935037 0.9495 0.603921568627 0.619607843137 0.647058823529 0.138490521527 0.485435769751 0.863233739432 0.0867005789096 5.337212848e-17 0.871633004997 -0.490159060511 1.57079632679 58.0
-0.4515 0.0935037 0.9495 0.603921568627 0.619607843137 0.647058823529 0.138490521527 0.485435769751 0.863233739432 0.0867005789096 0.188389271582 0.84280515284 -0.50417155483 1.35088484104 58.0
-0.4515 0.0935037 0.9495 0.603921568627 0.619607843137 0.647058823529 0.138490521527 0.485435769751 0.863233739432 0.0867005789096 0.443060683089 0.749174701013 -0.492376378863 1.03672557568 58.0
-0.4515 0.1175 0.931154 0.611764705882 0.627450980392 0.639215686275 0.249634090645 0.454330192644 0.85514144844 0.065651973366 -0.962272868121 0.215093469799 0.166630508994 2.92168116784 59.0
-0.4515 0.1175 0.931154 0.611764705882 0.627450980392 0.639215686275 0.249634090645 0.454330192644 0.85514144844 0.065651973366 -0.957779372593 0.245915945742 0.148943012813 2.8902652413 59.0
-0.4515 0.1175 0.931154 0.611764705882 0.627450980392 0.639215686275 0.249634090645 0.454330192644 0.85514144844 0.065651973366 -0.256416399818 0.882591037204 -0.394060516864 1.85353966562 59.0
-0.4505 0.1805 0.901915 0.564705882353 0.592156862745 0.592156862745 0.062754425356 0.221718202767 0.973089369308 0.0744602094854 0.182375598823 0.956046369745 -0.229596341109 1.38230076758 60.0
-0.4505 0.1805 0.901915 0.564705882353 0.592156862745 0.592156862745 0.062754425356 0.221718202767 0.973089369308 0.0744602094854 0.894100249151 0.420731641074 -0.153524039379 0.439822971503 60.0
-0.4505 0.1805 0.901915 0.564705882353 0.592156862745 0.592156862745 0.062754425356 0.221718202767 0.973089369308 0.0744602094854 0.907644013586 0.392772638083 -0.148027022446 0.408407044967 60.0
-0.447581 0.1065 0.9375 0.627450980392 0.647058823529 0.674509803922 0.364222984107 0.553153195969 0.749241723102 0.388623495693 -0.930938325189 0.239024336102 0.276081874531 2.8902652413 61.0
-0.447581 0.1065 0.9375 0.627450980392 0.647058823529 0.674509803922 0.364222984107 0.553153195969 0.749241723102 0.388623495693 -0.744447056437 0.656318365985 -0.12265717522 2.41902634326 61.0
-0.447581 0.1065 0.9375 0.627450980392 0.647058823529 0.674509803922 0.364222984107 0.553153195969 0.749241723102 0.388623495693 -0.91391078505 0.057498392941 0.401822114596 3.07876080052 61.0
-0.4475 0.147092 0.9135 0.6 0.611764705882 0.627450980392 0.379628213802 0.486453602556 0.786921414022 0.0420776391242 0.0265401517661 0.84452132269 -0.534863866667 1.53938040026 62.0
-0.4475 0.147092 0.9135 0.6 0.611764705882 0.627450980392 0.379628213802 0.486453602556 0.786921414022 0.0420776391242 0.271635446157 0.754496477013 -0.597452299825 1.2252211349 62.0
-0.4475 0.147092 0.9135 0.6 0.611764705882 0.627450980392 0.379628213802 0.486453602556 0.786921414022 0.0420776391242 -0.253553454633 0.87273671524 -0.417182539801 1.85353966562 62.0
-0.4455 0.0875 0.950623 0.592156862745 0.592156862745 0.603921568627 0.28199999227 0.39545795899 0.874121849075 0.017298425067 -0.95867793105 0.151839667561 0.240585410765 2.98451302091 63.0
-0.4455 0.0875 0.950623 0.592156862745 0.592156862745 0.603921568627 0.28199999227 0.39545795899 0.874121849075 0.017298425067 0.750693613584 0.476404653724 -0.457709191992 0.565486677646 63.0
-0.4455 0.0875 0.950623 0.592156862745 0.592156862745 0.603921568627 0.28199999227 0.39545795899 0.874121849075 0.017298425067 0.640116800836 0.60110968701 -0.478453368125 0.753982236862 63.0
