-0.4925 0.1505 0.902075 0.5019607843137255 0.49411764705882355 0.49411764705882355 -0.6462474977591124 0.2313843251125503 0.7272038680674737 0.0
-0.491962 0.0865 0.9495 0.5647058823529412 0.5647058823529412 0.5568627450980392 -0.41490819163824805 0.5219767920808643 0.745245879586361 0.0
-0.4895 0.0955 0.944733 0.5686274509803921 0.5647058823529412 0.5764705882352941 -0.2801842570983102 0.4985544027370499 0.8203293787167272 0.0
-0.4895 0.1595 0.901633 0.5019607843137255 0.5098039215686274 0.49411764705882355 -0.5609873524460053 0.31358577241247515 0.7661312901429447 0.0
-0.4885 0.0775 0.955469 0.5764705882352941 0.5764705882352941 0.592156862745098 -0.07544635846196035 0.47055585014979256 0.8791388052433105 0.0
-0.487833 0.1075 0.9375 0.5843137254901961 0.5764705882352941 0.592156862745098 -0.36426188466221066 0.5530921347876261 0.7492678892214726 0.0
-0.487606 0.1555 0.9045 0.5294117647058824 0.5372549019607843 0.5294117647058824 -0.5526665793934287 0.3146598624253117 0.7717180981420941 0.0
-0.4875 0.0995 0.942846 0.5490196078431373 0.5372549019607843 0.5372549019607843 -0.14736857844045567 0.50559978284666 0.8500890316160125 0.0
-0.4875 0.1795 0.894819 0.5294117647058824 0.5294117647058824 0.5294117647058824 -0.6150892890196389 0.2962904270002187 0.7306689738871792 0.0
-0.4865 0.1155 0.932355 0.5647058823529412 0.5647058823529412 0.5764705882352941 -0.438818322085537 0.5022921624092707 0.7450778910853902 0.0
-0.4865 0.1845 0.893557 0.5137254901960784 0.5215686274509804 0.5215686274509804 -0.5998154209522593 0.29970327829078613 0.7418890791551118 0.0
-0.4855 0.1625 0.902605 0.5215686274509804 0.5215686274509804 0.5019607843137255 -0.4290880063209069 0.3694744481090822 0.8242403260130134 0.0
-0.4845 0.1245 0.92736 0.5568627450980392 0.5568627450980392 0.5764705882352941 -0.43570330118465406 0.5023422361815235 0.7468700764423093 0.0
-0.4845 0.127444 0.9255 0.5490196078431373 0.5490196078431373 0.5764705882352941 -0.4882491947918109 0.4760199103736496 0.7314490882576934 0.0
-0.4825 0.1705 0.900728 0.5568627450980392 0.5647058823529412 0.5686274509803921 -0.3978504811225245 0.3150621488204627 0.8616558692721872 0.0
-0.4795 0.0975 0.944946 0.611764705882353 0.6039215686274509 0.6313725490196078 -0.28619120794414776 0.5656224830810515 0.7734117914337065 0.0
-0.4795 0.1275 0.926848 0.5647058823529412 0.5490196078431373 0.5568627450980392 0.10578958800948414 0.482751902309498 0.8693440998162606 0.0
-0.4785 0.1085 0.936629 0.611764705882353 0.6196078431372549 0.6392156862745098 -0.003589725898693187 0.5846414292456552 0.8112838671374959 0.0
-0.4785 0.1485 0.914456 0.5372549019607843 0.5372549019607843 0.5294117647058824 -0.029286358112527618 0.6045197539252086 0.7960516166321818 0.0
-0.4785 0.1585 0.907629 0.5843137254901961 0.6 0.6039215686274509 -0.190403722008458 0.48414495695435394 0.8540199548611217 0.0
-0.4785 0.1725 0.901742 0.5647058823529412 0.5764705882352941 0.5764705882352941 -0.30574296112482446 0.2812899878685597 0.9096137556389138 0.0
-0.4785 0.1895 0.896687 0.5411764705882353 0.5647058823529412 0.5647058823529412 -0.4169772048194269 0.30781735876925065 0.8552066909825369 0.0
-0.4775 0.075121 0.9585 0.5843137254901961 0.5764705882352941 0.592156862745098 -0.11751055127646885 0.43178695347608753 0.8942881510713085 0.0
-0.4775 0.104489 0.9405 0.6039215686274509 0.6039215686274509 0.6274509803921569 -0.21770026540299314 0.6122512961775863 0.7601019305148039 0.0
-0.4775 0.1135 0.933771 0.6 0.6039215686274509 0.6313725490196078 0.052921309361292704 0.5016463189828159 0.8634525497480896 0.0
-0.4775 0.134945 0.9225 0.5137254901960784 0.5137254901960784 0.5215686274509804 0.27533076998519346 0.4355980514864914 0.8569990108748858 0.0
-0.4775 0.1455 0.916682 0.5137254901960784 0.5215686274509804 0.5215686274509804 0.11761244019651515 0.531658698801235 0.8387528491158757 0.0
-0.4775 0.1675 0.903678 0.5647058823529412 0.5843137254901961 0.6039215686274509 -0.25686588500384916 0.3465346952546136 0.9021826988509485 0.0
-0.4755 0.0875 0.953049 0.592156862745098 0.592156862745098 0.611764705882353 -0.2055281602341172 0.4744651605266008 0.8559444998346832 0.0
-0.4735 0.1715 0.903333 0.5764705882352941 0.6 0.6039215686274509 -0.16576797728425874 0.3017557503390454 0.9388633792221344 0.0
-0.4695 0.110598 0.9375 0.611764705882353 0.6274509803921569 0.6549019607843137 -0.14019951461545868 0.6558959314094678 0.7417173472840558 0.0
-0.4685 0.1825 0.90143 0.5490196078431373 0.5647058823529412 0.5843137254901961 -0.12344372754043452 0.19804144855247857 0.972389443991531 0.0
-0.4665 0.1055 0.942937 0.5843137254901961 0.592156862745098 0.6196078431372549 -0.300923368716254 0.6349001236013423 0.7115806062642951 0.0
-0.4665 0.1215 0.930257 0.6196078431372549 0.6313725490196078 0.6588235294117647 -0.11545662245680803 0.5632395203183149 0.8181876380650471 0.0
-0.4665 0.1585 0.909269 0.6 0.6196078431372549 0.6392156862745098 -0.09652136577563644 0.43558045355475844 0.8949599401257224 0.0
-0.4655 0.0805 0.957254 0.592156862745098 0.592156862745098 0.592156862745098 0.03776277705759262 0.34959219611356185 0.9361406246314682 0.0
-0.4655 0.0915 0.951988 0.6039215686274509 0.6039215686274509 0.6313725490196078 -0.0008551149382931331 0.48056753929602947 0.8769573016706124 0.0
-0.4655 0.0955 0.949876 0.611764705882353 0.611764705882353 0.6313725490196078 -0.022708425801800648 0.5093495077045826 0.8602600806725273 0.0
-0.4655 0.1285 0.925798 0.6039215686274509 0.6313725490196078 0.6470588235294118 -0.0679764488389897 0.5186158451820924 0.8523008902549055 0.0
-0.4655 0.1395 0.919797 0.6039215686274509 0.6274509803921569 0.6392156862745098 -0.16120931051379236 0.46704001254879507 0.8694165772988741 0.0
-0.4655 0.1655 0.906148 0.6 0.6196078431372549 0.6313725490196078 -0.0735006415552236 0.36439385220364723 0.9283397956390521 0.0
-0.464674 0.1845 0.9015 0.5843137254901961 0.611764705882353 0.611764705882353 -0.07049297798143687 0.18981394856744566 0.9792861711392353 0.0
-0.4645 0.124469 0.9285 0.6274509803921569 0.6392156862745098 0.6666666666666666 -0.0463199291766073 0.5694199924699863 0.8207407241855096 0.0
-0.4645 0.1735 0.903862 0.592156862745098 0.6196078431372549 0.6196078431372549 -0.03646692457196677 0.2436360086539247 0.9691809215515168 0.0
-0.4635 0.1485 0.914878 0.5647058823529412 0.5843137254901961 0.592156862745098 -0.07427611123784734 0.4865355963633874 0.8704976581075368 0.0
-0.4565 0.1835 0.902219 0.5647058823529412 0.592156862745098 0.592156862745098 0.05849555404359195 0.18183120971150737 0.981588346167569 0.0
-0.4545 0.0915 0.950925 0.611764705882353 0.6196078431372549 0.6392156862745098 0.1545506204802965 0.4597080379382542 0.8745185107040994 0.0
-0.4545 0.1245 0.927828 0.611764705882353 0.6313725490196078 0.6549019607843137 0.13054386332973103 0.5035361151076463 0.8540548463238457 0.0
-0.4545 0.1475 0.915624 0.592156862745098 0.6196078431372549 0.6392156862745098 0.11905199596490992 0.5111569618720275 0.8512021984150004 0.0
-0.4535 0.105097 0.9435 0.611764705882353 0.6196078431372549 0.6196078431372549 0.5021170152096613 0.5028892425619607 0.7035487991265411 0.0
-0.4535 0.1115 0.94088 0.6588235294117647 0.6823529411764706 0.6862745098039216 0.21666351351471005 0.45757365672152056 0.862370726883721 0.0
-0.4535 0.1755 0.903018 0.5568627450980392 0.592156862745098 0.6039215686274509 0.02226189523141703 0.22107618581840285 0.9750024246558019 0.0
-0.4535 0.1885 0.900747 0.5686274509803921 0.6 0.6 0.07177310776920764 0.20049509574669286 0.9770620950495797 0.0
-0.4525 0.0785 0.956085 0.5686274509803921 0.5686274509803921 0.5764705882352941 0.18593772562626631 0.2941352030207431 0.9375028770797865 0.0
-0.4525 0.1335 0.922737 0.611764705882353 0.6313725490196078 0.6549019607843137 0.10848207599675021 0.4539027648284861 0.8844229300897231 0.0
-0.4525 0.1365 0.921335 0.611764705882353 0.6313725490196078 0.6392156862745098 0.09375059262304611 0.4442790178135563 0.890969685631026 0.0
-0.4525 0.1545 0.911478 0.6039215686274509 0.6392156862745098 0.6392156862745098 0.16601059564340237 0.46378635744873903 0.8702543862449377 0.0
-0.4525 0.1615 0.907991 0.611764705882353 0.6313725490196078 0.6392156862745098 0.08178110571329711 0.4069061574497154 0.9098017530087628 0.0
-0.4515 0.0935037 0.9495 0.6039215686274509 0.6196078431372549 0.6470588235294118 0.13849052152733082 0.48543576975113817 0.8632337394316836 0.0
-0.4515 0.1175 0.931154 0.611764705882353 0.6274509803921569 0.6392156862745098 0.2496340906445892 0.4543301926444872 0.8551414484397724 0.0
-0.4505 0.1805 0.901915 0.5647058823529412 0.592156862745098 0.592156862745098 0.06275442535604944 0.2217182027674376 0.9730893693077781 0.0
-0.447581 0.1065 0.9375 0.6274509803921569 0.6470588235294118 0.6745098039215687 0.36422298410720844 0.5531531959690399 0.7492417231022824 0.0
-0.4475 0.147092 0.9135 0.6 0.611764705882353 0.6274509803921569 0.37962821380180417 0.48645360255568926 0.7869214140219106 0.0
-0.4455 0.0875 0.950623 0.592156862745098 0.592156862745098 0.6039215686274509 0.2819999922702708 0.39545795899025243 0.8741218490753054 0.0
