-0.543534 0.141352 0.880854 0.341176 0.247059 0.200000 -0.526713 -0.038333 0.849178 0.035081
-0.535659 0.162957 0.885476 0.400000 0.247059 0.200000 -0.555071 0.187556 0.810382 0.144727
-0.531291 0.124248 0.888610 0.301961 0.168627 0.129412 -0.557238 -0.078324 0.826651 0.130240
-0.530938 0.147177 0.892762 0.321569 0.192157 0.141176 -0.549100 -0.123159 0.826633 0.101926
-0.528502 0.134869 0.891983 0.286275 0.141176 0.094118 -0.451521 -0.219760 0.864774 0.113085
-0.525504 0.123266 0.891121 0.329412 0.203922 0.156863 -0.335959 -0.078185 0.938626 0.154361
-0.525073 0.100482 0.886922 0.239216 0.164706 0.109804 -0.426944 -0.276488 0.860972 0.114847
-0.521998 0.124975 0.892495 0.282353 0.149020 0.109804 -0.526595 -0.184557 0.829842 0.220569
-0.522100 0.096000 0.889763 0.231373 0.164706 0.121569 -0.474809 0.091282 0.875342 0.179711
-0.519519 0.151297 0.900710 0.294118 0.164706 0.113725 -0.522549 -0.103947 0.846249 0.031768
-0.519151 0.142982 0.900264 0.294118 0.176471 0.121569 -0.517336 -0.240983 0.821152 0.059261
-0.518225 0.160598 0.902246 0.384314 0.266667 0.231373 -0.499867 0.067326 0.863481 0.125373
-0.516904 0.107417 0.896614 0.309804 0.203922 0.176471 -0.476861 -0.028092 0.878530 0.132038
-0.516028 0.094401 0.896511 0.258824 0.184314 0.149020 -0.509518 -0.033162 0.859821 0.326075
-0.510649 0.136025 0.903195 0.231373 0.109804 0.062745 -0.431299 -0.243538 0.868718 0.113415
-0.509948 0.157581 0.905653 0.321569 0.231373 0.200000 -0.250401 0.067490 0.965787 0.086769
-0.509506 0.166555 0.901896 0.584314 0.458824 0.458824 -0.060837 0.543652 0.837103 0.124627
-0.507024 0.093270 0.900484 0.294118 0.176471 0.137255 -0.524752 -0.079045 0.847577 0.076575
-0.506346 0.122521 0.903955 0.411765 0.231373 0.192157 -0.405315 0.010121 0.914121 0.105310
-0.506351 0.070913 0.898545 0.254902 0.168627 0.137255 -0.470374 -0.167145 0.866493 0.079257
-0.505470 0.112354 0.904761 0.431373 0.309804 0.266667 -0.420002 -0.063216 0.905319 0.095427
-0.503471 0.162118 0.904157 0.466667 0.337255 0.337255 -0.045535 0.590404 0.805823 0.208028
-0.504710 0.044388 0.892766 0.211765 0.137255 0.082353 -0.529063 -0.266274 0.805724 0.035369
-0.502706 0.153472 0.907819 0.247059 0.121569 0.094118 -0.140686 -0.019092 0.989870 0.184205
-0.503233 0.059882 0.898481 0.227451 0.149020 0.109804 -0.472464 -0.168460 0.865100 0.099600
-0.501908 0.142338 0.908282 0.176471 0.090196 0.066667 -0.300523 -0.119514 0.946257 0.229487
-0.502466 0.034423 0.892061 0.239216 0.149020 0.094118 -0.438922 -0.240417 0.865764 0.114923
-0.502573 0.048541 0.895065 0.203922 0.129412 0.078431 -0.525631 -0.243214 0.815205 0.035449
-0.500211 0.129244 0.907346 0.349020 0.184314 0.137255 -0.428641 -0.154111 0.890234 0.092090
-0.500705 0.023265 0.890430 0.203922 0.137255 0.090196 -0.463051 -0.259336 0.847543 0.205959
-0.500355 0.036355 0.893530 0.211765 0.129412 0.082353 -0.430240 -0.265494 0.862790 0.055808
-0.499277 0.110416 0.906741 0.403922 0.247059 0.203922 -0.368213 -0.039664 0.928895 0.023088
-0.498362 0.103310 0.906569 0.356863 0.219608 0.168627 -0.381794 -0.121778 0.916190 0.033681
-0.497519 0.160083 0.904811 0.431373 0.274510 0.282353 0.328279 0.440394 0.835635 0.801191
-0.496874 0.027553 0.892541 0.203922 0.129412 0.082353 -0.311654 -0.214753 0.925610 0.091147
-0.496733 0.093060 0.905924 0.337255 0.192157 0.149020 -0.435450 -0.155528 0.886676 0.060667
-0.492559 0.169707 0.895209 0.368627 0.176471 0.156863 0.172914 0.482138 0.858862 0.147646
-0.492182 0.074965 0.905045 0.203922 0.121569 0.109804 -0.242859 -0.190267 0.951219 0.088788
-0.491709 0.135500 0.909683 0.368627 0.200000 0.164706 -0.192358 0.000091 0.981325 0.056373
-0.491368 0.117575 0.909064 0.294118 0.176471 0.149020 -0.302305 0.045542 0.952123 0.048437
-0.491510 0.009792 0.888654 0.184314 0.109804 0.062745 -0.218138 -0.368725 0.903580 0.085272
-0.491739 0.039443 0.897130 0.184314 0.121569 0.082353 -0.323181 -0.275674 0.905294 0.095999
-0.491204 0.056818 0.901242 0.211765 0.121569 0.101961 -0.212503 -0.205878 0.955226 0.070991
-0.491130 0.102216 0.908776 0.274510 0.164706 0.137255 -0.315763 -0.142448 0.938084 0.052227
-0.490404 0.146588 0.909969 0.274510 0.149020 0.129412 0.158322 0.144315 0.976784 0.306388
-0.490557 0.033366 0.896204 0.164706 0.109804 0.070588 -0.256992 -0.275924 0.926186 0.114275
-0.488969 0.090263 0.908094 0.239216 0.137255 0.101961 -0.208415 -0.105467 0.972337 0.079585
-0.487855 0.159463 0.904449 0.411765 0.239216 0.239216 0.069506 0.588758 0.805316 0.244562
-0.486141 0.023261 0.893489 0.176471 0.101961 0.066667 -0.158574 -0.306646 0.938521 0.029740
-0.485885 0.081862 0.906983 0.231373 0.121569 0.094118 -0.165676 -0.274412 0.947233 0.049727
-0.483586 0.160315 0.904256 0.313725 0.113725 0.113725 0.134026 0.289756 0.947670 0.330069
-0.478227 0.081919 0.906632 0.184314 0.101961 0.090196 0.124042 -0.263701 0.956596 0.074929
-0.478518 0.010909 0.890158 0.227451 0.109804 0.054902 -0.238705 -0.372885 0.896647 0.029710
-0.476323 0.054097 0.901268 0.227451 0.129412 0.101961 0.069988 -0.159360 0.984737 0.076096
-0.476694 0.099302 0.910514 0.203922 0.101961 0.078431 -0.130320 -0.133160 0.982489 0.157163
-0.476555 0.113520 0.911344 0.294118 0.203922 0.184314 -0.051902 0.018910 0.998473 0.095345
-0.476498 0.140509 0.909823 0.392157 0.192157 0.149020 0.044262 0.238594 0.970110 0.181639
-0.476528 0.158241 0.903299 0.529412 0.321569 0.337255 0.050953 0.473399 0.879373 0.378991
-0.475679 0.025446 0.894880 0.231373 0.121569 0.082353 -0.049829 -0.292815 0.954870 0.079759
-0.475379 0.064014 0.902957 0.211765 0.121569 0.101961 0.057268 -0.229399 0.971646 0.241499
-0.475493 0.115528 0.910800 0.309804 0.219608 0.200000 0.007773 0.030897 0.999492 0.078583
-0.475566 0.146260 0.907910 0.337255 0.113725 0.094118 -0.158879 0.040442 0.986469 0.182838
-0.475042 0.017497 0.893304 0.219608 0.101961 0.054902 -0.143069 -0.264944 0.953591 0.075632
-0.474030 0.073145 0.903920 0.211765 0.137255 0.113725 0.245814 -0.185838 0.951336 0.139225
-0.472459 0.160980 0.901539 0.537255 0.266667 0.254902 -0.039410 0.500842 0.864641 0.108514
-0.469174 0.085146 0.905872 0.164706 0.066667 0.043137 0.222358 -0.273743 0.935747 0.100488
-0.464520 0.019462 0.892762 0.294118 0.168627 0.137255 -0.007016 -0.013433 0.999885 0.111445
-0.463992 0.031192 0.893370 0.274510 0.149020 0.129412 0.420022 -0.254485 0.871102 0.128409
-0.464694 0.094712 0.906179 0.200000 0.101961 0.062745 0.348672 -0.380476 0.856543 0.099136
-0.464246 0.080519 0.901457 0.164706 0.078431 0.050980 0.399822 -0.364306 0.841085 0.153294
-0.462071 0.044308 0.893957 0.321569 0.200000 0.164706 0.450660 -0.060433 0.890648 0.244002
-0.463458 0.155417 0.903945 0.541176 0.368627 0.349020 -0.069633 0.368008 0.927212 0.188037
-0.461819 0.024980 0.892394 0.254902 0.149020 0.113725 0.228870 -0.029248 0.973017 0.274858
-0.460834 0.062242 0.894493 0.247059 0.137255 0.109804 0.429900 -0.166644 0.887365 0.053869
-0.461507 0.086502 0.901169 0.164706 0.082353 0.054902 0.449560 -0.140020 0.882208 0.215465
-0.461610 0.145448 0.906926 0.509804 0.329412 0.294118 0.172008 0.080939 0.981765 0.054619
-0.461559 0.163229 0.898380 0.376471 0.203922 0.203922 0.109455 0.503507 0.857030 0.327160
-0.459884 0.010328 0.888832 0.309804 0.164706 0.121569 0.236325 -0.066060 0.969426 0.213527
-0.460460 0.102438 0.908210 0.184314 0.078431 0.054902 0.133961 -0.206903 0.969147 0.272274
-0.459476 0.115488 0.907997 0.294118 0.164706 0.141176 0.080660 -0.040068 0.995936 0.219835
-0.459516 0.130513 0.907947 0.427451 0.227451 0.184314 0.089277 -0.072712 0.993349 0.144981
-0.455551 0.141179 0.904395 0.458824 0.294118 0.254902 0.437693 -0.029278 0.898647 0.283964
-0.454270 0.111433 0.904614 0.294118 0.149020 0.113725 0.392474 -0.113757 0.912701 0.451374
-0.452719 0.112556 0.904287 0.321569 0.149020 0.121569 0.296781 -0.075559 0.951952 0.242825
-0.452931 0.146399 0.903672 0.294118 0.121569 0.094118 0.384103 0.089791 0.918914 0.171334
-0.451419 0.098363 0.902202 0.156863 0.070588 0.031373 0.267770 -0.453315 0.850180 0.292546
-0.451603 0.120532 0.904771 0.392157 0.231373 0.184314 0.302260 -0.095166 0.948463 0.288306
-0.450693 0.130575 0.904248 0.411765 0.239216 0.192157 0.362971 -0.141255 0.921032 0.188809
-0.445951 0.125574 0.900937 0.384314 0.227451 0.164706 0.474725 -0.078350 0.876640 0.187739
-0.444975 0.131486 0.899808 0.376471 0.211765 0.176471 0.436426 0.013299 0.899642 0.108337
-0.445047 0.155830 0.892231 0.447059 0.258824 0.231373 0.296339 0.363030 0.883398 0.273751
-0.438154 0.129430 0.893947 0.356863 0.168627 0.137255 0.453391 0.048758 0.889977 0.045835
-0.437836 0.144152 0.892415 0.368627 0.192157 0.176471 0.563462 0.146671 0.813018 0.120446
-0.437540 0.146097 0.892525 0.329412 0.137255 0.109804 0.523880 0.202946 0.827262 0.115414
