-0.596301 0.130207 0.924885 0.454902 0.039216 0.000000 -0.462178 -0.169308 0.870475 0.060052
-0.593834 0.167612 0.911433 0.556863 0.062745 0.000000 -0.179428 0.060466 0.981911 0.116557
-0.592034 0.109430 0.918672 0.419608 0.031373 0.000000 -0.265241 -0.490072 0.830347 0.186280
-0.590771 0.027491 0.912010 0.403922 0.050980 0.000000 -0.100062 -0.003171 0.994976 0.038950
-0.589652 0.041548 0.911886 0.592157 0.050980 0.000000 -0.060115 0.019050 0.998010 0.014262
-0.589808 0.076350 0.920242 0.576471 0.054902 0.000000 -0.137315 -0.067000 0.988259 0.043593
-0.589725 0.105548 0.918499 0.513725 0.027451 0.000000 -0.116294 0.024651 0.992909 0.231861
-0.589157 -0.000058 0.910196 0.419608 0.066667 0.000000 -0.196931 -0.167184 0.966058 0.038803
-0.588637 0.178436 0.911905 0.431373 0.082353 0.003922 -0.092757 -0.043388 0.994743 0.035913
-0.587078 0.134178 0.929621 0.349020 0.043137 0.000000 -0.362719 -0.201928 0.909758 0.065466
-0.583870 0.156981 0.927928 0.584314 0.082353 0.043137 -0.318422 0.413882 0.852824 0.120960
-0.582873 0.121999 0.927614 0.521569 0.039216 0.000000 -0.203024 -0.272413 0.940517 0.028917
-0.569702 0.108731 0.924257 0.368627 0.062745 0.000000 -0.131540 -0.556769 0.820186 0.150668
-0.568469 0.094738 0.920217 0.301961 0.109804 0.015686 0.017870 0.138495 0.990202 0.030867
-0.568532 0.166048 0.925428 0.568627 0.050980 0.007843 -0.059596 0.585619 0.808393 0.108196
-0.568659 0.177098 0.912759 0.466667 0.090196 0.000000 -0.070724 0.265695 0.961460 0.243393
-0.568232 0.080371 0.921159 0.592157 0.556863 0.066667 0.056422 -0.059587 0.996627 0.061755
-0.567808 -0.013951 0.911728 0.501961 0.062745 0.000000 -0.082724 -0.121381 0.989153 0.044236
-0.567497 0.147665 0.932545 0.592157 0.054902 0.000000 0.001612 0.095003 0.995476 0.077443
-0.566866 0.017509 0.913524 0.447059 0.156863 0.078431 -0.120071 0.002939 0.992761 0.051290
-0.565731 0.058549 0.912659 0.364706 0.129412 0.000000 0.291312 -0.360376 0.886152 0.406063
-0.566606 0.127128 0.931220 0.556863 0.043137 0.000000 -0.061413 -0.214594 0.974771 0.017603
-0.565994 0.019549 0.913621 0.576471 0.168627 0.043137 -0.163024 0.016324 0.986487 0.057201
-0.558501 0.166947 0.924955 0.592157 0.054902 0.031373 -0.000768 0.591845 0.806052 0.046348
-0.551546 0.166908 0.925422 0.600000 0.066667 0.031373 -0.064503 0.577457 0.813869 0.112865
-0.546549 0.107698 0.926198 0.301961 0.043137 0.000000 -0.030790 -0.502802 0.863853 0.124557
-0.546810 -0.014128 0.914095 0.211765 0.078431 0.050980 -0.305603 0.113635 0.945354 0.066133
-0.545570 0.033469 0.918433 0.549020 0.054902 0.007843 -0.027521 -0.403883 0.914397 0.146573
-0.545659 0.047643 0.920226 0.576471 0.054902 0.000000 -0.061356 0.055228 0.996587 0.038640
-0.545272 0.107771 0.926288 0.341176 0.043137 0.000000 -0.021567 -0.492387 0.870109 0.123213
-0.544669 0.013408 0.919844 0.576471 0.054902 0.000000 -0.052647 -0.032216 0.998093 0.107984
-0.544519 0.071735 0.912778 0.282353 0.062745 0.003922 -0.007534 0.092627 0.995672 0.434613
-0.544526 0.105742 0.924878 0.384314 0.066667 0.007843 -0.020320 -0.591063 0.806369 0.135287
-0.544415 0.130334 0.932395 0.584314 0.054902 0.000000 0.064540 -0.125598 0.989980 0.039814
-0.544447 0.152731 0.931398 0.603922 0.062745 0.007843 0.044518 0.193233 0.980142 0.035593
-0.544494 0.179510 0.913202 0.431373 0.078431 0.007843 0.004056 0.006688 0.999969 0.242524
-0.523590 0.059779 0.920196 0.568627 0.062745 0.000000 -0.037869 0.116779 0.992436 0.032885
-0.523865 0.076386 0.914709 0.549020 0.094118 0.043137 -0.210402 0.510841 0.833530 0.078306
-0.523328 0.112971 0.927033 0.384314 0.054902 0.007843 0.107532 -0.330333 0.937719 0.035422
-0.523346 0.156854 0.929294 0.509804 0.062745 0.015686 0.117264 0.269385 0.955867 0.039227
-0.522623 0.007191 0.920181 0.356863 0.043137 0.000000 -0.034262 -0.096641 0.994729 0.017498
-0.522614 -0.005764 0.917101 0.556863 0.043137 0.003922 -0.037997 -0.422064 0.905769 0.041197
-0.522518 0.021436 0.918717 0.592157 0.129412 0.054902 -0.006930 0.351339 0.936223 0.094592
-0.522506 0.093453 0.919110 0.576471 0.054902 0.000000 -0.003214 -0.024225 0.999701 0.066945
-0.522342 0.131374 0.930887 0.403922 0.439216 0.431373 0.103297 -0.082150 0.991252 0.070321
-0.521338 0.176936 0.912435 0.466667 0.082353 0.039216 0.105423 0.284159 0.952964 0.131414
-0.520279 0.165145 0.924606 0.364706 0.070588 0.062745 0.193327 0.564364 0.802570 0.063271
-0.518269 0.107845 0.924254 0.286275 0.043137 0.000000 0.151698 -0.429895 0.890044 0.102405
-0.509022 0.151773 0.926856 0.482353 0.674510 0.709804 0.323489 0.184711 0.928029 0.032456
-0.508028 0.126361 0.926632 0.501961 0.654902 0.658824 0.314858 -0.092897 0.944582 0.029673
-0.506028 0.136401 0.926639 0.494118 0.674510 0.686275 0.348656 -0.073441 0.934369 0.023511
-0.501470 -0.013739 0.914747 0.384314 0.082353 0.015686 0.008327 -0.066797 0.997732 0.128351
-0.501253 0.080395 0.913732 0.392157 0.062745 0.000000 0.067447 -0.574646 0.815618 0.183536
-0.500588 0.029455 0.914977 0.447059 0.054902 0.003922 -0.030347 -0.015295 0.999422 0.129108
-0.500702 0.049456 0.916151 0.419608 0.109804 0.054902 -0.057765 -0.012538 0.998251 0.325176
-0.500546 0.085221 0.916411 0.411765 0.066667 0.007843 -0.029486 -0.436465 0.899238 0.145268
-0.500471 0.112130 0.922471 0.568627 0.050980 0.000000 0.019314 -0.217348 0.975903 0.168367
-0.500360 0.161382 0.920139 0.619608 0.066667 0.043137 0.106060 0.494156 0.862880 0.269521
-0.500486 0.176543 0.911464 0.513725 0.129412 0.000000 0.012098 0.037032 0.999241 0.068603
-0.499508 0.139495 0.924680 0.439216 0.611765 0.631373 -0.004867 -0.003017 0.999984 0.186152
-0.500491 0.011530 0.916337 0.403922 0.137255 0.054902 -0.285780 0.008573 0.958257 0.341093
-0.486913 0.170965 0.918903 0.603922 0.113725 0.043137 0.061087 -0.159731 0.985269 0.158462
-0.486924 0.114084 0.926261 0.501961 0.031373 0.000000 -0.253587 -0.249012 0.934712 0.052467
-0.480709 0.105358 0.923938 0.411765 0.054902 0.015686 -0.187583 -0.504539 0.842765 0.085066
-0.480814 0.175506 0.914434 0.419608 0.149020 0.070588 -0.108075 0.002012 0.994141 0.651305
-0.479421 -0.017740 0.918148 0.341176 0.090196 0.019608 0.020401 0.197471 0.980096 0.179017
-0.479503 0.014852 0.920694 0.529412 0.050980 0.003922 -0.000995 0.110510 0.993874 0.125540
-0.479636 0.040048 0.921133 0.529412 0.050980 0.000000 -0.051649 -0.171888 0.983762 0.082529
-0.479587 0.081407 0.915023 0.329412 0.043137 0.000000 -0.047144 -0.589186 0.806621 0.318148
-0.479937 0.150754 0.930963 0.313725 0.054902 0.015686 -0.242084 0.140852 0.959977 0.097375
-0.478465 0.055675 0.921569 0.537255 0.054902 0.000000 0.013253 0.066675 0.997687 0.041179
-0.477745 0.118146 0.929485 0.274510 0.031373 0.000000 -0.207985 -0.300175 0.930933 0.047921
-0.477001 0.154846 0.930530 0.537255 0.054902 0.007843 -0.116467 0.219203 0.968703 0.126206
-0.470605 0.105755 0.925920 0.458824 0.054902 0.007843 -0.097796 -0.505625 0.857192 0.111945
-0.462667 0.167617 0.926042 0.568627 0.043137 0.003922 -0.085596 0.573669 0.814603 0.099188
-0.457451 0.069471 0.915742 0.431373 0.062745 0.043137 0.018691 -0.011139 0.999763 0.261213
-0.457640 0.088477 0.921489 0.341176 0.094118 0.054902 -0.065312 -0.010869 0.997806 0.055760
-0.457490 0.124306 0.932751 0.549020 0.043137 0.000000 0.006342 -0.117434 0.993060 0.038569
-0.457508 0.144617 0.933507 0.294118 0.054902 0.000000 -0.004307 0.059879 0.998196 0.017044
-0.457568 0.154879 0.932318 0.584314 0.043137 0.000000 -0.035741 0.199349 0.979277 0.030889
-0.456683 -0.011593 0.915540 0.513725 0.050980 0.007843 -0.043388 0.214446 0.975772 0.271588
-0.456475 0.008251 0.920596 0.541176 0.050980 0.000000 0.008218 -0.081004 0.996680 0.032129
-0.456346 0.021562 0.918528 0.482353 0.082353 0.050980 0.053272 0.366943 0.928717 0.037320
-0.456453 0.047549 0.921758 0.537255 0.043137 0.000000 0.018323 0.019097 0.999650 0.035196
-0.456550 0.106090 0.927358 0.466667 0.050980 0.007843 -0.051598 -0.419941 0.906083 0.083907
-0.456148 0.177101 0.916160 0.466667 0.090196 0.015686 -0.167573 -0.103088 0.980455 0.634505
-0.437463 0.105163 0.926355 0.411765 0.050980 0.003922 0.055099 -0.503207 0.862408 0.112997
-0.435342 0.030153 0.915000 0.411765 0.050980 0.000000 0.061525 -0.134972 0.988937 0.304075
-0.435496 0.153078 0.933066 0.576471 0.050980 0.000000 0.002088 0.190140 0.981755 0.064231
-0.434076 0.049808 0.915186 0.403922 0.447059 0.054902 0.220446 0.136066 0.965862 0.186004
-0.434190 -0.016006 0.912727 0.556863 0.054902 0.000000 0.087052 -0.142160 0.986008 0.025222
-0.434525 0.002310 0.914748 0.537255 0.039216 0.000000 -0.008727 -0.065568 0.997810 0.029730
-0.434880 0.066029 0.920505 0.458824 0.431373 0.007843 -0.232201 -0.317679 0.919327 0.145770
-0.434412 0.113198 0.930586 0.192157 0.054902 0.015686 0.057442 -0.197722 0.978574 0.091333
-0.434474 0.133392 0.933577 0.564706 0.043137 0.000000 0.015461 -0.064720 0.997784 0.029151
-0.434473 0.169786 0.924822 0.603922 0.027451 0.000000 0.011583 0.551485 0.834104 0.033617
-0.433543 0.090686 0.922990 0.549020 0.043137 0.000000 -0.019178 0.082162 0.996434 0.031428
-0.418503 -0.005349 0.911676 0.576471 0.062745 0.000000 0.302515 -0.257645 0.917662 0.087390
-0.418846 0.157969 0.930964 0.611765 0.101961 0.094118 0.275984 0.486153 0.829149 0.135451
-0.414306 0.040445 0.914276 0.541176 0.039216 0.000000 0.055159 -0.015647 0.998355 0.026894
-0.414382 0.117152 0.929813 0.529412 0.043137 0.000000 0.091381 -0.268419 0.958958 0.098371
-0.414069 0.147905 0.932446 0.592157 0.066667 0.000000 0.189232 0.177712 0.965717 0.079008
-0.412650 0.011107 0.913218 0.474510 0.439216 0.039216 0.240154 -0.110976 0.964371 0.085209
-0.413305 0.041369 0.914172 0.541176 0.039216 0.000000 0.054604 -0.036648 0.997835 0.042316
-0.412377 0.073315 0.923087 0.454902 0.050980 0.000000 0.054501 -0.082219 0.995123 0.069628
-0.412675 0.099796 0.923407 0.592157 0.062745 0.003922 -0.053328 0.090071 0.994507 0.096839
-0.412506 0.173335 0.913572 0.486275 0.062745 0.003922 -0.003039 -0.080143 0.996779 0.039761
-0.409350 0.168412 0.913374 0.458824 0.054902 0.000000 0.058639 -0.034145 0.997695 0.049061
-0.404124 0.107130 0.922437 0.419608 0.066667 0.000000 0.214284 -0.531119 0.819753 0.244654
-0.400550 0.122216 0.926375 0.611765 0.070588 0.000000 0.535608 -0.160116 0.829148 0.114122
-0.400520 0.140536 0.928250 0.611765 0.078431 0.000000 0.530477 0.019366 0.847478 0.061612
-0.401057 0.166428 0.912962 0.494118 0.043137 0.000000 0.001825 -0.036772 0.999322 0.034259
-0.400034 0.124314 0.925925 0.619608 0.078431 0.000000 0.566906 -0.162311 0.807634 0.092826
-0.399732 0.064139 0.918902 0.568627 0.054902 0.000000 0.428572 -0.201663 0.880715 0.108798
-0.400007 0.086454 0.921619 0.576471 0.066667 0.000000 0.378831 -0.035268 0.924794 0.081116
-0.400599 0.173181 0.913464 0.576471 0.039216 0.000000 -0.050868 -0.164505 0.985064 0.032245
