-0.5695 0.0735 0.945923 0.10980392156862745 0.08235294117647059 0.054901960784313725 -0.5933619149093686 -0.061709127268613106 0.8025668953718644 0.0
-0.5675 0.0915 0.947645 0.4392156862745098 0.4117647058823529 0.3843137254901961 -0.5700580785252513 0.025198392045181848 0.8212178932210598 0.0
-0.5615 0.0955 0.951127 0.4666666666666667 0.4470588235294118 0.4196078431372549 -0.5245054080019802 0.10025995986806194 0.8454833040480048 0.0
-0.5595 0.1055 0.950825 0.48627450980392156 0.4666666666666667 0.4392156862745098 -0.5017879793848067 0.1756477155883286 0.8469691279813655 0.0
-0.5565 0.0405 0.95203 0.42745098039215684 0.3843137254901961 0.33725490196078434 -0.5562598366344091 -0.16483726712730482 0.8144959604034032 0.0
-0.5565 0.0695 0.956657 0.12156862745098039 0.09411764705882353 0.06274509803921569 -0.593250525292082 -0.005148576359502445 0.8050014325466378 0.0
-0.5565 0.1155 0.949991 0.49411764705882355 0.4823529411764706 0.4666666666666667 -0.4731642800546433 0.26489437220232853 0.8402062459038884 0.0
-0.5556 0.0335 0.951 0.4549019607843137 0.4196078431372549 0.36470588235294116 -0.5105284897317969 -0.25995201388874284 0.8196252873401099 0.0
-0.5555 0.0545 0.955652 0.12156862745098039 0.09411764705882353 0.054901960784313725 -0.5660213720584072 -0.08858398595948659 0.8196174008674093 0.0
-0.5505 0.0375 0.954763 0.43137254901960786 0.39215686274509803 0.32941176470588235 -0.5165796112660517 -0.23311495600913393 0.8238949705569724 0.0
-0.5505 0.0735 0.960712 0.08235294117647059 0.07058823529411765 0.0392156862745098 -0.5433098657644472 0.11323300936933094 0.8318609711677688 0.0
-0.5495 0.0355 0.954906 0.42745098039215684 0.3843137254901961 0.3215686274509804 -0.5166897657679589 -0.24760187653428736 0.8195883092671291 0.0
-0.5495 0.0927589 0.959 0.4588235294117647 0.4392156862745098 0.4117647058823529 -0.5298624048049951 0.16690748455931534 0.8314972781508966 0.0
-0.5485 0.0575 0.961267 0.3411764705882353 0.3215686274509804 0.28627450980392155 -0.5352400739874347 -0.07132194548748097 0.8416835767019614 0.0
-0.5475 0.106089 0.957 0.49411764705882355 0.4823529411764706 0.4588235294117647 -0.42019599305111915 0.2325680117351225 0.8771245335420482 0.0
-0.5465 0.1155 0.954862 0.5215686274509804 0.5019607843137255 0.48627450980392156 -0.3872052369244359 0.27484525682072586 0.8800751043527142 0.0
-0.5435 0.0805 0.964358 0.0392156862745098 0.050980392156862744 0.03137254901960784 -0.3847951697990461 0.03504732705873786 0.9223363606436434 0.0
-0.5425 0.0655 0.964708 0.27450980392156865 0.23137254901960785 0.19215686274509805 -0.37936422556435867 -0.06459643473144523 0.9229897534544684 0.0
-0.5425 0.130117 0.951 0.5294117647058824 0.5372549019607843 0.5294117647058824 -0.32426983405530585 0.37613465520244654 0.8679699279799278 0.0
-0.541507 0.0835 0.965 0.12156862745098039 0.10196078431372549 0.0784313725490196 -0.3554207318920247 0.1113996818926306 0.9280442953951918 0.0
-0.5415 0.0475 0.964169 0.48627450980392156 0.4392156862745098 0.39215686274509803 -0.43866293555813807 -0.13584455841046636 0.888324875773375 0.0
-0.5405 0.0975 0.963298 0.5215686274509804 0.5019607843137255 0.4823529411764706 -0.4113729703492924 0.15339434700795454 0.8984667236865277 0.0
-0.5365 0.1065 0.962542 0.5490196078431373 0.5294117647058824 0.5137254901960784 -0.35599839481896745 0.34457303262703276 0.8686394925816627 0.0
-0.5345 0.0625 0.967814 0.49411764705882355 0.4745098039215686 0.4470588235294118 -0.3168534972233309 0.009284098574609528 0.9484290520703178 0.0
-0.5335 0.0215 0.958899 0.5294117647058824 0.4745098039215686 0.403921568627451 -0.4180102342917057 -0.399976212862372 0.815650950573631 0.0
-0.5325 0.0895 0.967471 0.5137254901960784 0.49411764705882355 0.4666666666666667 -0.38267690255489434 0.10261734216551513 0.9181656001712749 0.0
-0.5325 0.1165 0.959907 0.5647058823529412 0.5490196078431373 0.5372549019607843 -0.2625992259278661 0.32991681182706506 0.9067505411169879 0.0
-0.531944 0.0465 0.969 0.4666666666666667 0.43137254901960786 0.3843137254901961 -0.5007255035902499 -0.04707019250888966 0.864325382614364 0.0
-0.531602 0.0755 0.969 0.5098039215686274 0.48627450980392156 0.4588235294117647 -0.3752028644787312 -0.0031908574690062553 0.9269372302996398 0.0
-0.5315 0.1325 0.953274 0.5568627450980392 0.5490196078431373 0.5294117647058824 -0.23359081580559538 0.4041919907145961 0.8843439180621123 0.0
-0.5305 0.0985503 0.967 0.5568627450980392 0.5372549019607843 0.5137254901960784 -0.3081123373311672 0.21936172107583832 0.9257144391825004 0.0
-0.5295 0.0185 0.961104 0.5490196078431373 0.5019607843137255 0.4470588235294118 0.25372063276827156 -0.1350753369038978 0.9577998193087981 0.0
-0.5285 0.0255 0.963418 0.4823529411764706 0.4392156862745098 0.3843137254901961 -0.31595278753968775 -0.40270748577484256 0.8590695646726206 0.0
-0.5255 0.1115 0.963391 0.5764705882352941 0.5568627450980392 0.5411764705882353 -0.20514824344044394 0.3867715553333086 0.8990672734553036 0.0
-0.5235 0.0215 0.962988 0.5490196078431373 0.5019607843137255 0.43137254901960786 -0.2889738867282811 -0.5084721229812664 0.8111412903681297 0.0
-0.5215 0.0535 0.977875 0.13725490196078433 0.14901960784313725 0.11372549019607843 -0.4475257687265162 -0.1752387163992678 0.8769333376035362 0.0
-0.51928 0.0405 0.973 0.5568627450980392 0.5215686274509804 0.4588235294117647 -0.15761408631443424 -0.1342023679709839 0.9783391662538339 0.0
-0.5185 0.0795 0.972462 0.6 0.5686274509803921 0.5372549019607843 -0.14793667272765912 0.049605247700201555 0.9877520236693372 0.0
-0.5185 0.125351 0.959 0.6 0.5764705882352941 0.5490196078431373 -0.11331346743596471 0.4136659851322609 0.9033496061006474 0.0
-0.5175 0.0865 0.972113 0.6196078431372549 0.5843137254901961 0.5490196078431373 -0.07315711287771526 0.10405114783545169 0.9918777119532035 0.0
-0.5175 0.1035 0.967953 0.6392156862745098 0.611764705882353 0.592156862745098 -0.03763451182538501 0.3514232089729812 0.9354599786815025 0.0
-0.5175 0.1345 0.954882 0.5843137254901961 0.5647058823529412 0.5490196078431373 -0.09293161618516761 0.49945846410311134 0.8613390490097229 0.0
-0.5165 0.0235 0.966274 0.5372549019607843 0.49411764705882355 0.42745098039215684 -0.2328557559915242 -0.47803198529325786 0.8469141738914294 0.0
-0.5165 0.1155 0.963118 0.611764705882353 0.592156862745098 0.5764705882352941 -0.06822872748709337 0.35809708596124556 0.9311881215799288 0.0
-0.5155 0.0095 0.956367 0.5647058823529412 0.5215686274509804 0.4588235294117647 -0.06545278268613261 -0.543280904865827 0.8369956939236964 0.0
-0.5155 0.0208101 0.965 0.5647058823529412 0.5137254901960784 0.4470588235294118 -0.20559532713342543 -0.562801732265085 0.8006152456831679 0.0
-0.5155 0.0655 0.979372 0.12156862745098039 0.13725490196078433 0.13725490196078433 -0.40789171149248776 0.40246081754770624 0.8195423369384653 0.0
-0.5135 0.0495 0.979571 0.14901960784313725 0.14901960784313725 0.11372549019607843 -0.20537154745164496 -0.37654134725325816 0.9033488480681303 0.0
-0.5135 0.1425 0.95101 0.32941176470588235 0.33725490196078434 0.34901960784313724 -0.1543285361835204 0.437836296244371 0.8857099302878247 0.0
-0.5125 0.0665 0.980136 0.1568627450980392 0.16470588235294117 0.16470588235294117 -0.2327667764968804 0.4807042294122314 0.8454247876567402 0.0
-0.5055 0.0475 0.978682 0.2196078431372549 0.21176470588235294 0.16470588235294117 0.20252737290953438 -0.49327757576452075 0.8459668412356598 0.0
-0.503616 0.0675 0.979 0.16470588235294117 0.19215686274509805 0.1843137254901961 0.22703011678969442 0.5205381967701992 0.8231022486749062 0.0
-0.5035 0.1145 0.963154 0.6196078431372549 0.6039215686274509 0.5843137254901961 0.04865320229577136 0.3121147400066095 0.9487977945679329 0.0
-0.5025 0.0355 0.972282 0.6392156862745098 0.592156862745098 0.5215686274509804 0.05479618140621 -0.3982549947590177 0.9156365750955957 0.0
-0.5025 0.0535 0.980632 0.2196078431372549 0.21176470588235294 0.17647058823529413 0.29332246772371234 -0.29474558105782095 0.909443221083845 0.0
-0.5025 0.0945 0.969865 0.6313725490196078 0.6039215686274509 0.5843137254901961 0.1418389933791884 0.26285495457891817 0.9543526459388549 0.0
-0.5025 0.1015 0.967509 0.6470588235294118 0.6196078431372549 0.6039215686274509 0.1498459225639433 0.3341931212973372 0.9305166076801122 0.0
-0.5025 0.1345 0.955586 0.6 0.592156862745098 0.5843137254901961 0.03867046516310066 0.45426655482167894 0.8900261188833236 0.0
-0.5015 0.0459882 0.975 0.3568627450980392 0.32941176470588235 0.2823529411764706 0.32668411755299287 -0.4805862490396276 0.8138269745914323 0.0
-0.5015 0.0765 0.972856 0.6039215686274509 0.5843137254901961 0.5647058823529412 0.07305486253057782 0.24502448856611925 0.966760563461062 0.0
-0.5015 0.1185 0.962183 0.611764705882353 0.6039215686274509 0.5843137254901961 0.027179069356988522 0.2873401901295544 0.957442903428293 0.0
-0.5015 0.144066 0.951 0.3764705882352941 0.39215686274509803 0.3843137254901961 0.10216310315191486 0.43699354831113824 0.8936438547255904 0.0
-0.4995 0.0171127 0.963 0.6862745098039216 0.6313725490196078 0.5568627450980392 0.14751247609061505 -0.5787741358025871 0.8020352667580051 0.0
-0.4995 0.0199049 0.965 0.6862745098039216 0.6392156862745098 0.5764705882352941 0.18034483061685544 -0.5517971811163642 0.8142454255209618 0.0
-0.4955 0.0595 0.977437 0.21176470588235294 0.2196078431372549 0.2 0.5517500019419078 0.032085650142750576 0.8333921324394787 0.0
-0.4935 0.0195 0.963009 0.6666666666666666 0.6196078431372549 0.5411764705882353 0.24583858837743414 -0.4679232057413619 0.8488882505921009 0.0
-0.4935 0.1125 0.963103 0.6392156862745098 0.6274509803921569 0.6 0.12768810689767418 0.23484021912578412 0.9636108233295441 0.0
-0.4935 0.1435 0.949604 0.4196078431372549 0.4196078431372549 0.42745098039215684 0.19363676748337424 0.5548679400018217 0.8090898413876697 0.0
-0.4895 0.0195 0.962176 0.6862745098039216 0.6392156862745098 0.5686274509803921 0.2574102815036786 -0.4398282164690353 0.8604017009361756 0.0
-0.4885 0.0225 0.963359 0.6941176470588235 0.6392156862745098 0.5686274509803921 0.2948868896716218 -0.39276496580181186 0.8710782995451661 0.0
-0.4885 0.0995 0.965943 0.6470588235294118 0.6313725490196078 0.6039215686274509 0.22246882257191547 0.2780249894943367 0.9344569161818749 0.0
-0.4875 0.0425 0.971611 0.7019607843137254 0.6470588235294118 0.5764705882352941 0.32640165626015705 -0.28609350657165394 0.9008953681133905 0.0
-0.4875 0.077027 0.971 0.6039215686274509 0.5843137254901961 0.5647058823529412 0.21744345983890206 0.22452654687183438 0.9498979795341697 0.0
-0.4875 0.0925 0.967305 0.5764705882352941 0.5490196078431373 0.5098039215686274 0.24690819053321625 0.25779248351296485 0.9341195752642328 0.0
-0.4875 0.1255 0.957741 0.6549019607843137 0.6313725490196078 0.6196078431372549 0.19254752744009712 0.3763662995583509 0.9062416114003256 0.0
-0.4875 0.134824 0.953 0.6313725490196078 0.6196078431372549 0.611764705882353 0.204832571837303 0.44480001844725375 0.8718925169445135 0.0
-0.4855 0.0595 0.973246 0.6666666666666666 0.6313725490196078 0.5843137254901961 0.2500593032853695 0.01467776982005108 0.968119263269534 0.0
-0.4835 0.0265 0.962933 0.7019607843137254 0.6470588235294118 0.5764705882352941 0.29451362154957417 -0.3732345640916224 0.8797486498364694 0.0
-0.4825 0.105115 0.963 0.6588235294117647 0.6313725490196078 0.611764705882353 0.2491833757041314 0.21777486517805278 0.9436534074380141 0.0
-0.4785 0.0345 0.963947 0.6941176470588235 0.6470588235294118 0.5764705882352941 0.37437819253495597 -0.3595048935901659 0.8547497882064569 0.0
-0.4785 0.0975 0.963548 0.3137254901960784 0.26666666666666666 0.22745098039215686 0.3135717876574164 0.286579342355202 0.9052872552513882 0.0
-0.4755 0.0905927 0.965 0.09411764705882353 0.06666666666666667 0.054901960784313725 0.25462998940042214 0.32433230619968123 0.9110280586530457 0.0
-0.4745 0.0365 0.963133 0.6862745098039216 0.6392156862745098 0.5647058823529412 0.38713184481534324 -0.3480452343439789 0.8538111322653938 0.0
-0.4735 0.1335 0.950518 0.36470588235294116 0.3568627450980392 0.34901960784313724 0.3041492087717558 0.35676759450616197 0.8832950482787739 0.0
-0.4725 0.0315 0.960245 0.6941176470588235 0.6588235294117647 0.5843137254901961 0.4227736766629151 -0.38786167473362027 0.8190395226078852 0.0
-0.4725 0.0625 0.968348 0.7098039215686275 0.6745098039215687 0.6196078431372549 0.5239851370235394 0.0018044586078135418 0.8517254957482224 0.0
-0.4725 0.0775 0.966566 0.12156862745098039 0.09411764705882353 0.06666666666666667 0.43443613615596666 0.20181729258728606 0.8778012440265804 0.0
-0.47189 0.1215 0.955 0.6588235294117647 0.6470588235294118 0.6313725490196078 0.328157542647857 0.30507814441446773 0.8940022108495845 0.0
-0.471875 0.1035 0.959 0.6274509803921569 0.6 0.5647058823529412 0.48178152612936925 0.3057523579091955 0.8212198589375583 0.0
-0.4695 0.0145 0.945981 0.6549019607843137 0.6039215686274509 0.5372549019607843 0.3730015777218622 -0.4434452018172817 0.8150007214734425 0.0
-0.4685 0.0945 0.961184 0.23921568627450981 0.2 0.1568627450980392 0.35190479496536314 0.2682022217760438 0.8967890406972977 0.0
-0.4675 0.0375 0.960354 0.6941176470588235 0.6470588235294118 0.5843137254901961 0.35994453465576415 -0.41318276237984913 0.8364926400415024 0.0
-0.4665 0.1335 0.947942 0.3764705882352941 0.4 0.4 0.32894388109228523 0.455485684407236 0.827241629992118 0.0
-0.4655 0.0785 0.962842 0.23137254901960785 0.1843137254901961 0.1411764705882353 0.4595703817766475 0.1734089793695089 0.8710478689875154 0.0
-0.464678 0.0635 0.963 0.5372549019607843 0.48627450980392156 0.43137254901960786 0.5584417312925388 -0.025951483795503924 0.8291377166911438 0.0
-0.4625 0.1295 0.948399 0.4117647058823529 0.403921568627451 0.4 0.3229907129003278 0.3779301651333856 0.8676668656013031 0.0
-0.459863 0.0425 0.957 0.6745098039215687 0.6313725490196078 0.5490196078431373 0.5043476094031245 -0.2765916306990986 0.8180040089856326 0.0
-0.4595 0.0195 0.942626 0.43137254901960786 0.4117647058823529 0.3568627450980392 0.5165189304528104 -0.27496313421931196 0.8109275364076481 0.0
-0.4595 0.1175 0.95159 0.6588235294117647 0.6392156862745098 0.6196078431372549 0.4059657573054107 0.21275051330897293 0.8887795131427215 0.0
-0.4595 0.131194 0.947 0.43137254901960786 0.4392156862745098 0.4470588235294118 0.22354359317896325 0.3859925313764519 0.8950072779984736 0.0
-0.4565 0.0545 0.957502 0.6745098039215687 0.6392156862745098 0.5843137254901961 0.5386531248559744 -0.04185089429803903 0.841487560056207 0.0
-0.4565 0.0985 0.9542 0.27450980392156865 0.23921568627450981 0.19215686274509805 0.4922345045868717 0.09345252483192819 0.865431579096034 0.0
-0.456014 0.0885 0.955 0.22745098039215686 0.19215686274509805 0.1411764705882353 0.5307507475177977 0.12091608603291308 0.8388581192000112 0.0
-0.455547 0.0665 0.957 0.20392156862745098 0.16470588235294117 0.12156862745098039 0.5164205076944572 -0.0030519817040085668 0.856329693891481 0.0
-0.453026 0.1195 0.947 0.6666666666666666 0.6588235294117647 0.6274509803921569 0.4883370251057794 0.2909734462637909 0.8227158704438673 0.0
-0.4525 0.0275 0.941157 0.5764705882352941 0.5294117647058824 0.4666666666666667 0.37533189943205053 -0.22515530660477734 0.8991279403824786 0.0
-0.4505 0.1105 0.947996 0.6666666666666666 0.6470588235294118 0.6196078431372549 0.48750765585275035 0.1863853241536928 0.8529928466435573 0.0
-0.4485 0.0985 0.950182 0.30196078431372547 0.27450980392156865 0.23137254901960785 0.5481872208971147 0.11624741377338688 0.8282374717652522 0.0
-0.447722 0.0915 0.949 0.23137254901960785 0.19215686274509805 0.13725490196078433 0.5689852558304695 0.07463918561611167 0.818953460593518 0.0
-0.446196 0.0335 0.939 0.5647058823529412 0.5294117647058824 0.4666666666666667 0.5353911881562756 -0.19423981894000922 0.8219654301628286 0.0
-0.4455 0.0645 0.949477 0.2196078431372549 0.17647058823529413 0.12156862745098039 0.5957042086991793 0.010854608990661025 0.8031305455539246 0.0
-0.4455 0.0795 0.948643 0.22745098039215686 0.1843137254901961 0.13725490196078433 0.5886843407731351 0.03443264138428937 0.8076293333799859 0.0
-0.4455 0.1055 0.945651 0.6666666666666666 0.6392156862745098 0.6039215686274509 0.4597733365349527 0.11439953449159258 0.8806368295271462 0.0
-0.4435 0.0645 0.947835 0.2196078431372549 0.1843137254901961 0.12941176470588237 0.5885614674186005 0.002800032085607322 0.808447622849114 0.0
-0.4435 0.0915 0.946417 0.2196078431372549 0.16862745098039217 0.12941176470588237 0.4533876536156722 0.06568625715843114 0.8888897294768298 0.0
-0.4435 0.1155 0.941391 0.403921568627451 0.39215686274509803 0.3843137254901961 0.3705334989613064 0.25512717799876355 0.8930929678336286 0.0
-0.442767 0.0685 0.947 0.2196078431372549 0.1843137254901961 0.12941176470588237 0.5552528947105851 0.015205570554027223 0.8315425506488783 0.0
-0.4425 0.0395 0.938092 0.5098039215686274 0.4823529411764706 0.42745098039215684 0.5144593621991114 -0.2941623300696584 0.8054812773824559 0.0
-0.4345 0.0505 0.934615 0.26666666666666666 0.26666666666666666 0.23921568627450981 0.5427518536651295 -0.03466583333823305 0.8391773980166718 0.0
-0.4335 0.0535 0.934212 0.25882352941176473 0.25882352941176473 0.22745098039215686 0.5356911092741308 -0.028882229202110046 0.8439199323875269 0.0
-0.430018 0.0735 0.933 0.25882352941176473 0.22745098039215686 0.17647058823529413 0.5765579073020362 -0.08458875567770209 0.812665811967253 0.0
