-0.5695 0.0735 0.945923 0.109803921569 0.0823529411765 0.0549019607843 -0.593361914909 -0.0617091272686 0.802566895372 0.0460280582151 0.153639787562 0.970043441436 0.188176877976 1.41371669412 0.0
-0.5695 0.0735 0.945923 0.109803921569 0.0823529411765 0.0549019607843 -0.593361914909 -0.0617091272686 0.802566895372 0.0460280582151 6.10521350084e-17 0.997057029846 0.0766634152289 1.57079632679 0.0
-0.5695 0.0735 0.945923 0.109803921569 0.0823529411765 0.0549019607843 -0.593361914909 -0.0617091272686 0.802566895372 0.0460280582151 -0.462839040882 0.841901089943 -0.277457342646 2.07345115137 0.0
-0.5675 0.0915 0.947645 0.439215686275 0.411764705882 0.38431372549 -0.570058078525 0.0251983920452 0.821217893221 0.0231187396097 0.753573723374 0.414280660195 0.51039022133 0.502654824574 1.0
-0.5675 0.0915 0.947645 0.439215686275 0.411764705882 0.38431372549 -0.570058078525 0.0251983920452 0.821217893221 0.0231187396097 -0.1244777107 0.985342540516 -0.11664209098 1.69646003294 1.0
-0.5675 0.0915 0.947645 0.439215686275 0.411764705882 0.38431372549 -0.570058078525 0.0251983920452 0.821217893221 0.0231187396097 -0.0936787553568 0.991017716033 -0.0954367712353 1.6650441064 1.0
-0.5615 0.0955 0.951127 0.466666666667 0.447058823529 0.419607843137 -0.524505408002 0.100259959868 0.845483304048 0.0247156493405 0.76699142254 0.486747557795 0.418092062505 0.565486677646 2.0
-0.5615 0.0955 0.951127 0.466666666667 0.447058823529 0.419607843137 -0.524505408002 0.100259959868 0.845483304048 0.0247156493405 -0.591683835535 0.671133572567 -0.446642996744 2.29336263712 2.0
-0.5615 0.0955 0.951127 0.466666666667 0.447058823529 0.419607843137 -0.524505408002 0.100259959868 0.845483304048 0.0247156493405 -0.626711201085 0.626711201085 -0.463104891864 2.35619449019 2.0
-0.5595 0.1055 0.950825 0.486274509804 0.466666666667 0.439215686275 -0.501787979385 0.175647715588 0.846969127981 0.00567665863402 0.863975764914 0.0543567477648 0.500590872483 0.0628318530718 3.0
-0.5595 0.1055 0.950825 0.486274509804 0.466666666667 0.439215686275 -0.501787979385 0.175647715588 0.846969127981 0.00567665863402 -0.834542992109 0.159197589935 -0.52744110731 2.95309709437 3.0
-0.5595 0.1055 0.950825 0.486274509804 0.466666666667 0.439215686275 -0.501787979385 0.175647715588 0.846969127981 0.00567665863402 -0.365426101183 0.844449895403 -0.391622444107 1.97920337176 3.0
-0.5565 0.0405 0.95203 0.427450980392 0.38431372549 0.337254901961 -0.556259836634 -0.164837267127 0.814495960403 0.0720057403146 -0.124509948596 0.985597729743 0.114430711904 1.69646003294 4.0
-0.5565 0.0405 0.95203 0.427450980392 0.38431372549 0.337254901961 -0.556259836634 -0.164837267127 0.814495960403 0.0720057403146 -0.501552469447 0.848078910366 -0.170901381458 2.10486707791 4.0
-0.5565 0.0405 0.95203 0.427450980392 0.38431372549 0.337254901961 -0.556259836634 -0.164837267127 0.814495960403 0.0720057403146 -0.829554427403 0.0521911407688 -0.555981597539 3.07876080052 4.0
-0.5565 0.0695 0.956657 0.121568627451 0.0941176470588 0.0627450980392 -0.593250525292 -0.0051485763595 0.805001432547 0.0524527882427 -0.804135714894 0.0505919309294 -0.592288956976 3.07876080052 5.0
-0.5565 0.0695 0.956657 0.121568627451 0.0941176470588 0.0627450980392 -0.593250525292 -0.0051485763595 0.805001432547 0.0524527882427 0.787755544329 0.202261246422 0.581834676325 0.251327412287 5.0
-0.5565 0.0695 0.956657 0.121568627451 0.0941176470588 0.0627450980392 -0.593250525292 -0.0051485763595 0.805001432547 0.0524527882427 0.124727052858 0.987316286933 0.0982329468285 1.44513262065 5.0
-0.5565 0.1155 0.949991 0.494117647059 0.482352941176 0.466666666667 -0.473164280055 0.264894372202 0.840206245904 0.0270593676023 0.733513355959 0.646679012361 0.209199454115 0.722566310326 6.0
-0.5565 0.1155 0.949991 0.494117647059 0.482352941176 0.466666666667 -0.473164280055 0.264894372202 0.840206245904 0.0270593676023 0.794657096708 0.540048405252 0.277250461922 0.596902604182 6.0
-0.5565 0.1155 0.949991 0.494117647059 0.482352941176 0.466666666667 -0.473164280055 0.264894372202 0.840206245904 0.0270593676023 -0.837741629003 0.159807762556 -0.522159402924 2.95309709437 6.0
-0.5556 0.0335 0.951 0.454901960784 0.419607843137 0.364705882353 -0.510528489732 -0.259952013889 0.81962528734 0.130250582994 0.498954336675 0.68675172814 0.528598745562 0.942477796077 7.0
-0.5556 0.0335 0.951 0.454901960784 0.419607843137 0.364705882353 -0.510528489732 -0.259952013889 0.81962528734 0.130250582994 0.372730303658 0.792092214688 0.483386019828 1.13097335529 7.0
-0.5556 0.0335 0.951 0.454901960784 0.419607843137 0.364705882353 -0.510528489732 -0.259952013889 0.81962528734 0.130250582994 -0.671867752166 0.715466487058 -0.191576171523 2.32477856366 7.0
-0.5555 0.0545 0.955652 0.121568627451 0.0941176470588 0.0549019607843 -0.566021372058 -0.0885839859595 0.819617400867 0.00595944403238 0.294638952282 0.906805452848 0.301482600631 1.25663706144 8.0
-0.5555 0.0545 0.955652 0.121568627451 0.0941176470588 0.0549019607843 -0.566021372058 -0.0885839859595 0.819617400867 0.00595944403238 -0.757560026566 0.448019750797 -0.474743203265 2.60752190248 8.0
-0.5555 0.0545 0.955652 0.121568627451 0.0941176470588 0.0549019607843 -0.566021372058 -0.0885839859595 0.819617400867 0.00595944403238 -0.824357128168 0.0518641544168 -0.563689129508 3.07876080052 8.0
-0.5505 0.0375 0.954763 0.43137254902 0.392156862745 0.329411764706 -0.516579611266 -0.233114956009 0.823894970557 0.0445532871925 0.82897409039 0.104723781587 0.549395019119 0.125663706144 9.0
-0.5505 0.0375 0.954763 0.43137254902 0.392156862745 0.329411764706 -0.516579611266 -0.233114956009 0.823894970557 0.0445532871925 0.484858692841 0.713447901004 0.505869687301 0.973893722613 9.0
-0.5505 0.0375 0.954763 0.43137254902 0.392156862745 0.329411764706 -0.516579611266 -0.233114956009 0.823894970557 0.0445532871925 0.656788473459 0.509457361956 0.555951524397 0.659734457254 9.0
-0.5505 0.0735 0.960712 0.0823529411765 0.0705882352941 0.0392156862745 -0.543309865764 0.113233009369 0.831860971168 0.0978957652829 0.0312031842311 0.992901421636 -0.114774248885 1.53938040026 10.0
-0.5505 0.0735 0.960712 0.0823529411765 0.0705882352941 0.0392156862745 -0.543309865764 0.113233009369 0.831860971168 0.0978957652829 -0.464269661303 0.785037124647 -0.410085837989 2.10486707791 10.0
-0.5505 0.0735 0.960712 0.0823529411765 0.0705882352941 0.0392156862745 -0.543309865764 0.113233009369 0.831860971168 0.0978957652829 -0.633505104799 0.594900891161 -0.494736507537 2.38761041673 10.0
-0.5495 0.0355 0.954906 0.427450980392 0.38431372549 0.321568627451 -0.516689765768 -0.247601876534 0.819588309267 0.0431936959539 -0.0914798318889 0.967755535567 0.234692700648 1.6650441064 11.0
-0.5495 0.0355 0.954906 0.427450980392 0.38431372549 0.321568627451 -0.516689765768 -0.247601876534 0.819588309267 0.0431936959539 0.351252850885 0.811697446432 0.466656929875 1.16238928183 11.0
-0.5495 0.0355 0.954906 0.427450980392 0.38431372549 0.321568627451 -0.516689765768 -0.247601876534 0.819588309267 0.0431936959539 -0.853989535018 0.0807257785951 -0.513989516186 3.04734487398 11.0
-0.5495 0.0927589 0.959 0.458823529412 0.439215686275 0.411764705882 -0.529862404805 0.166907484559 0.831497278151 0.0384702450052 0.551984565133 0.812220622616 0.18870797559 0.973893722613 12.0
-0.5495 0.0927589 0.959 0.458823529412 0.439215686275 0.411764705882 -0.529862404805 0.166907484559 0.831497278151 0.0384702450052 -0.234515206866 0.913376426314 -0.332785398722 1.82212373908 12.0
-0.5495 0.0927589 0.959 0.458823529412 0.439215686275 0.411764705882 -0.529862404805 0.166907484559 0.831497278151 0.0384702450052 0.751786815122 0.546205093179 0.369427368768 0.628318530718 12.0
-0.5485 0.0575 0.961267 0.341176470588 0.321568627451 0.286274509804 -0.535240073987 -0.0713219454875 0.841683576702 0.0260020571439 0.822327870454 0.183812056671 0.53850719707 0.219911485751 13.0
-0.5485 0.0575 0.961267 0.341176470588 0.321568627451 0.286274509804 -0.535240073987 -0.0713219454875 0.841683576702 0.0260020571439 -0.832433361146 0.213732560057 -0.511246605878 2.8902652413 13.0
-0.5485 0.0575 0.961267 0.341176470588 0.321568627451 0.286274509804 -0.535240073987 -0.0713219454875 0.841683576702 0.0260020571439 -0.817550348522 0.294336236739 -0.494952126346 2.79601746169 13.0
-0.5475 0.106089 0.957 0.494117647059 0.482352941176 0.458823529412 -0.420195993051 0.232568011735 0.877124533542 0.0227328315767 -0.38916243783 0.827012277319 -0.405713310289 2.0106192983 14.0
-0.5475 0.106089 0.957 0.494117647059 0.482352941176 0.458823529412 -0.420195993051 0.232568011735 0.877124533542 0.0227328315767 0.396589527392 0.91646432436 -0.0530083855467 1.16238928183 14.0
-0.5475 0.106089 0.957 0.494117647059 0.482352941176 0.458823529412 -0.420195993051 0.232568011735 0.877124533542 0.0227328315767 -0.678507236448 0.561310001853 -0.47387657877 2.4504422698 14.0
-0.5465 0.1155 0.954862 0.521568627451 0.501960784314 0.486274509804 -0.387205236924 0.274845256821 0.880075104353 0.00943265691632 -0.501615205937 0.738104361273 -0.451202988734 2.16769893098 15.0
-0.5465 0.1155 0.954862 0.521568627451 0.501960784314 0.486274509804 -0.387205236924 0.274845256821 0.880075104353 0.00943265691632 -0.799128197278 0.376041185749 -0.469027878633 2.70176968209 15.0
-0.5465 0.1155 0.954862 0.521568627451 0.501960784314 0.486274509804 -0.387205236924 0.274845256821 0.880075104353 0.00943265691632 0.921992991854 0.116474801592 0.369272993281 0.125663706144 15.0
-0.5435 0.0805 0.964358 0.0392156862745 0.0509803921569 0.0313725490196 -0.384795169799 0.0350473270587 0.922336360644 0.0863128691895 0.879619069161 0.316682351183 0.35494025077 0.345575191895 16.0
-0.5435 0.0805 0.964358 0.0392156862745 0.0509803921569 0.0313725490196 -0.384795169799 0.0350473270587 0.922336360644 0.0863128691895 0.922903342877 0.0 0.385031712598 0.0 16.0
-0.5435 0.0805 0.964358 0.0392156862745 0.0509803921569 0.0313725490196 -0.384795169799 0.0350473270587 0.922336360644 0.0863128691895 -0.304891581675 0.938359801544 -0.162855783653 1.88495559215 16.0
-0.5425 0.0655 0.964708 0.274509803922 0.23137254902 0.192156862745 -0.379364225564 -0.0645964347314 0.922989753454 0.0246792697204 0.923815545152 0.0290320730969 0.381735480754 0.0314159265359 17.0
-0.5425 0.0655 0.964708 0.274509803922 0.23137254902 0.192156862745 -0.379364225564 -0.0645964347314 0.922989753454 0.0246792697204 0.870421922734 0.313371174724 0.379689588054 0.345575191895 17.0
-0.5425 0.0655 0.964708 0.274509803922 0.23137254902 0.192156862745 -0.379364225564 -0.0645964347314 0.922989753454 0.0246792697204 0.466327130956 0.848245902233 0.251033655669 1.06814150222 17.0
-0.5425 0.130117 0.951 0.529411764706 0.537254901961 0.529411764706 -0.324269834055 0.376134655202 0.86796992798 0.0484427338049 -0.113133548995 0.895544254128 -0.430350193437 1.69646003294 18.0
-0.5425 0.130117 0.951 0.529411764706 0.537254901961 0.529411764706 -0.324269834055 0.376134655202 0.86796992798 0.0484427338049 0.91379615543 0.361797492267 0.184605419508 0.376991118431 18.0
-0.5425 0.130117 0.951 0.529411764706 0.537254901961 0.529411764706 -0.324269834055 0.376134655202 0.86796992798 0.0484427338049 -0.194768404081 0.871343751114 -0.450361339555 1.79070781255 18.0
-0.541507 0.0835 0.965 0.121568627451 0.101960784314 0.078431372549 -0.355420731892 0.111399681893 0.928044295395 0.080396581708 -0.84079380394 0.395647531999 -0.369498050981 2.70176968209 19.0
-0.541507 0.0835 0.965 0.121568627451 0.101960784314 0.078431372549 -0.355420731892 0.111399681893 0.928044295395 0.080396581708 0.903916727472 0.29370034851 0.310925481557 0.314159265359 19.0
-0.541507 0.0835 0.965 0.121568627451 0.101960784314 0.078431372549 -0.355420731892 0.111399681893 0.928044295395 0.080396581708 0.878123920192 0.379998152949 0.290688466474 0.408407044967 19.0
-0.5415 0.0475 0.964169 0.486274509804 0.439215686275 0.392156862745 -0.438662935558 -0.13584455841 0.888324875773 0.0381447915809 0.0309748464091 0.985635594327 0.166021185651 1.53938040026 20.0
-0.5415 0.0475 0.964169 0.486274509804 0.439215686275 0.392156862745 -0.438662935558 -0.13584455841 0.888324875773 0.0381447915809 0.884139381646 0.111692778543 0.453676401242 0.125663706144 20.0
-0.5415 0.0475 0.964169 0.486274509804 0.439215686275 0.392156862745 -0.438662935558 -0.13584455841 0.888324875773 0.0381447915809 -0.452245555519 0.887581878329 -0.0875920474418 2.04203522483 20.0
-0.5405 0.0975 0.963298 0.521568627451 0.501960784314 0.482352941176 -0.411372970349 0.153394347008 0.898466723687 0.071673547319 0.834863097286 0.458969871677 0.303891865113 0.502654824574 21.0
-0.5405 0.0975 0.963298 0.521568627451 0.501960784314 0.482352941176 -0.411372970349 0.153394347008 0.898466723687 0.071673547319 0.712404326768 0.668992192251 0.211965850808 0.753982236862 21.0
-0.5405 0.0975 0.963298 0.521568627451 0.501960784314 0.482352941176 -0.411372970349 0.153394347008 0.898466723687 0.071673547319 0.629388600052 0.760800125178 0.158281899321 0.879645943005 21.0
-0.5365 0.1065 0.962542 0.549019607843 0.529411764706 0.513725490196 -0.355998394819 0.344573032627 0.868639492582 0.0566504328546 -0.468600890489 0.738396850367 -0.484957005105 2.13628300444 22.0
-0.5365 0.1065 0.962542 0.549019607843 0.529411764706 0.513725490196 -0.355998394819 0.344573032627 0.868639492582 0.0566504328546 0.749349657417 0.66064059016 0.0450455498565 0.722566310326 22.0
-0.5365 0.1065 0.962542 0.549019607843 0.529411764706 0.513725490196 -0.355998394819 0.344573032627 0.868639492582 0.0566504328546 0.924031370189 0.268455929502 0.272208451047 0.282743338823 22.0
-0.5345 0.0625 0.967814 0.494117647059 0.474509803922 0.447058823529 -0.316853497223 0.00928409857461 0.94842905207 0.0580713031249 0.307662820913 0.946888798924 0.0935157264846 1.25663706144 23.0
-0.5345 0.0625 0.967814 0.494117647059 0.474509803922 0.447058823529 -0.316853497223 0.00928409857461 0.94842905207 0.0580713031249 0.942078502269 0.119012191639 0.313566888883 0.125663706144 23.0
-0.5345 0.0625 0.967814 0.494117647059 0.474509803922 0.447058823529 -0.316853497223 0.00928409857461 0.94842905207 0.0580713031249 0.125268470277 0.991602047107 0.0321432812294 1.44513262065 23.0
-0.5335 0.0215 0.958899 0.529411764706 0.474509803922 0.403921568627 -0.418010234292 -0.399976212862 0.815650950574 0.0474543371984 0.801433725381 0.260401602602 0.538418971791 0.314159265359 24.0
-0.5335 0.0215 0.958899 0.529411764706 0.474509803922 0.403921568627 -0.418010234292 -0.399976212862 0.815650950574 0.0474543371984 -0.818140642755 0.556007806665 -0.146632900809 2.54469004941 24.0
-0.5335 0.0215 0.958899 0.529411764706 0.474509803922 0.403921568627 -0.418010234292 -0.399976212862 0.815650950574 0.0474543371984 -0.115460865644 0.913966862375 0.389015890402 1.69646003294 24.0
-0.5325 0.0895 0.967471 0.513725490196 0.494117647059 0.466666666667 -0.382676902555 0.102617342166 0.918165600171 0.00778963419742 -0.794821667084 0.47005622357 -0.383804200363 2.60752190248 25.0
-0.5325 0.0895 0.967471 0.513725490196 0.494117647059 0.466666666667 -0.382676902555 0.102617342166 0.918165600171 0.00778963419742 0.74752574975 0.618407081661 0.242441611139 0.69115038379 25.0
-0.5325 0.0895 0.967471 0.513725490196 0.494117647059 0.466666666667 -0.382676902555 0.102617342166 0.918165600171 0.00778963419742 0.900899791951 0.261735584786 0.346228318482 0.282743338823 25.0
-0.5325 0.1165 0.959907 0.564705882353 0.549019607843 0.537254901961 -0.262599225928 0.329916811827 0.906750541117 0.0247905196833 -0.256282359389 0.88212966702 -0.395179203438 1.85353966562 26.0
-0.5325 0.1165 0.959907 0.564705882353 0.549019607843 0.537254901961 -0.262599225928 0.329916811827 0.906750541117 0.0247905196833 -0.283312738894 0.871946952367 -0.399302396986 1.88495559215 26.0
-0.5325 0.1165 0.959907 0.564705882353 0.549019607843 0.537254901961 -0.262599225928 0.329916811827 0.906750541117 0.0247905196833 0.95636090936 0.21377199045 0.199186714282 0.219911485751 26.0
-0.531944 0.0465 0.969 0.466666666667 0.43137254902 0.38431372549 -0.50072550359 -0.0470701925089 0.864325382614 0.0268571486597 0.38243340087 0.8837514461 0.269681433204 1.16238928183 27.0
-0.531944 0.0465 0.969 0.466666666667 0.43137254902 0.38431372549 -0.50072550359 -0.0470701925089 0.864325382614 0.0268571486597 0.783704277545 0.399317274287 0.475766034741 0.471238898038 27.0
-0.531944 0.0465 0.969 0.466666666667 0.43137254902 0.38431372549 -0.50072550359 -0.0470701925089 0.864325382614 0.0268571486597 0.608852398185 0.690607484301 0.390333267672 0.848230016469 27.0
-0.531602 0.0755 0.969 0.509803921569 0.486274509804 0.458823529412 -0.375202864479 -0.00319085746901 0.9269372303 0.0481351007432 0.887243356785 0.288282841971 0.360128072865 0.314159265359 28.0
-0.531602 0.0755 0.969 0.509803921569 0.486274509804 0.458823529412 -0.375202864479 -0.00319085746901 0.9269372303 0.0481351007432 0.925300209073 0.0582149547636 0.374740633147 0.0628318530718 28.0
-0.531602 0.0755 0.969 0.509803921569 0.486274509804 0.458823529412 -0.375202864479 -0.00319085746901 0.9269372303 0.0481351007432 0.498274029179 0.842535370618 0.204590178412 1.03672557568 28.0
-0.5315 0.1325 0.953274 0.556862745098 0.549019607843 0.529411764706 -0.233590815806 0.404191990715 0.884343918062 0.0188674213622 0.652155241176 0.739724918264 -0.165833008494 0.848230016469 29.0
-0.5315 0.1325 0.953274 0.556862745098 0.549019607843 0.529411764706 -0.233590815806 0.404191990715 0.884343918062 0.0188674213622 0.94535687076 0.307165067279 0.109316093742 0.314159265359 29.0
-0.5315 0.1325 0.953274 0.556862745098 0.549019607843 0.529411764706 -0.233590815806 0.404191990715 0.884343918062 0.0188674213622 -0.52041925959 0.716295659966 -0.464848708465 2.19911485751 29.0
-0.5305 0.0985503 0.967 0.556862745098 0.537254901961 0.513725490196 -0.308112337331 0.219361721076 0.925714439183 0.0695974400186 0.395711225084 0.914434687479 -0.0849813431208 1.16238928183 30.0
-0.5305 0.0985503 0.967 0.556862745098 0.537254901961 0.513725490196 -0.308112337331 0.219361721076 0.925714439183 0.0695974400186 -0.675696430619 0.634521183309 -0.37525618127 2.38761041673 30.0
-0.5305 0.0985503 0.967 0.556862745098 0.537254901961 0.513725490196 -0.308112337331 0.219361721076 0.925714439183 0.0695974400186 0.907633936629 0.359357697247 0.216939352143 0.376991118431 30.0
-0.5295 0.0185 0.961104 0.549019607843 0.501960784314 0.447058823529 0.253720632768 -0.135075336904 0.957799819309 0.275007118203 0.890571240321 0.41907101557 -0.176811622419 0.439822971503 31.0
-0.5295 0.0185 0.961104 0.549019607843 0.501960784314 0.447058823529 0.253720632768 -0.135075336904 0.957799819309 0.275007118203 0.397031421698 0.91748548185 0.02421653936 1.16238928183 31.0
-0.5295 0.0185 0.961104 0.549019607843 0.501960784314 0.447058823529 0.253720632768 -0.135075336904 0.957799819309 0.275007118203 -0.273072274668 0.939920934469 0.204890628762 1.85353966562 31.0
-0.5285 0.0255 0.963418 0.482352941176 0.439215686275 0.38431372549 -0.31595278754 -0.402707485775 0.859069564673 0.0601687875791 -0.0573721243166 0.911903802738 0.406374081239 1.63362817987 32.0
-0.5285 0.0255 0.963418 0.482352941176 0.439215686275 0.38431372549 -0.31595278754 -0.402707485775 0.859069564673 0.0601687875791 -0.941912416285 0.24184200379 -0.233052451717 2.8902652413 32.0
-0.5285 0.0255 0.963418 0.482352941176 0.439215686275 0.38431372549 -0.31595278754 -0.402707485775 0.859069564673 0.0601687875791 0.269678932205 0.82998640997 0.488257957221 1.25663706144 32.0
-0.5255 0.1115 0.963391 0.576470588235 0.556862745098 0.541176470588 -0.20514824344 0.386771555333 0.899067273455 0.0422548767208 0.977681517868 0.12350989847 0.169953389491 0.125663706144 33.0
-0.5255 0.1115 0.963391 0.576470588235 0.556862745098 0.541176470588 -0.20514824344 0.386771555333 0.899067273455 0.0422548767208 -0.27862418527 0.857517068065 -0.43247316837 1.88495559215 33.0
-0.5255 0.1115 0.963391 0.576470588235 0.556862745098 0.541176470588 -0.20514824344 0.386771555333 0.899067273455 0.0422548767208 0.0289310253183 0.9206001527 -0.389433376358 1.53938040026 33.0
-0.5235 0.0215 0.962988 0.549019607843 0.501960784314 0.43137254902 -0.288973886728 -0.508472122981 0.811141290368 0.0226496335232 -0.914975537287 0.395945271696 -0.0777631531483 2.73318560862 34.0
-0.5235 0.0215 0.962988 0.549019607843 0.501960784314 0.43137254902 -0.288973886728 -0.508472122981 0.811141290368 0.0226496335232 0.8394473794 0.272752987518 0.470036067784 0.314159265359 34.0
-0.5235 0.0215 0.962988 0.549019607843 0.501960784314 0.43137254902 -0.288973886728 -0.508472122981 0.811141290368 0.0226496335232 -0.764556112346 0.632495822866 0.124108763317 2.4504422698 34.0
-0.5215 0.0535 0.977875 0.137254901961 0.149019607843 0.113725490196 -0.447525768727 -0.175238716399 0.876933337604 0.164874339044 -0.892921057857 0.141424802002 -0.427423688879 2.98451302091 35.0
-0.5215 0.0535 0.977875 0.137254901961 0.149019607843 0.113725490196 -0.447525768727 -0.175238716399 0.876933337604 0.164874339044 0.880789162945 0.0832590892994 0.466131284605 0.0942477796077 35.0
-0.5215 0.0535 0.977875 0.137254901961 0.149019607843 0.113725490196 -0.447525768727 -0.175238716399 0.876933337604 0.164874339044 0.884787547748 0.0556661141567 0.462657842346 0.0628318530718 35.0
-0.51928 0.0405 0.973 0.556862745098 0.521568627451 0.458823529412 -0.157614086314 -0.134202367971 0.978339166254 0.0537475586162 -0.33780197244 0.938281073917 0.0742862958036 1.91637151869 36.0
-0.51928 0.0405 0.973 0.556862745098 0.521568627451 0.458823529412 -0.157614086314 -0.134202367971 0.978339166254 0.0537475586162 0.984008024567 0.0619085374406 0.167019581426 0.0628318530718 36.0
-0.51928 0.0405 0.973 0.556862745098 0.521568627451 0.458823529412 -0.157614086314 -0.134202367971 0.978339166254 0.0537475586162 -0.749770794296 0.661011872263 -0.0301174492343 2.41902634326 36.0
-0.5185 0.0795 0.972462 0.6 0.56862745098 0.537254901961 -0.147936672728 0.0496052477002 0.987752023669 0.0490114787695 -0.366230732899 0.924993243117 -0.101304247041 1.94778744523 37.0
-0.5185 0.0795 0.972462 0.6 0.56862745098 0.537254901961 -0.147936672728 0.0496052477002 0.987752023669 0.0490114787695 0.967116658324 0.216176185187 0.133989649413 0.219911485751 37.0
-0.5185 0.0795 0.972462 0.6 0.56862745098 0.537254901961 -0.147936672728 0.0496052477002 0.987752023669 0.0490114787695 0.923069600628 0.365469108959 0.119895132481 0.376991118431 37.0
-0.5185 0.125351 0.959 0.6 0.576470588235 0.549019607843 -0.113313467436 0.413665985132 0.903349606101 0.0402978915306 0.688339012721 0.688339012721 -0.228864167431 0.785398163397 38.0
-0.5185 0.125351 0.959 0.6 0.576470588235 0.549019607843 -0.113313467436 0.413665985132 0.903349606101 0.0402978915306 -0.0285186058144 0.907476751297 -0.419133194794 1.60221225333 38.0
-0.5185 0.125351 0.959 0.6 0.576470588235 0.549019607843 -0.113313467436 0.413665985132 0.903349606101 0.0402978915306 0.928524623322 0.367628905232 -0.0518749643118 0.376991118431 38.0
-0.5175 0.0865 0.972113 0.619607843137 0.58431372549 0.549019607843 -0.0731571128777 0.104051147835 0.991877711953 0.0699119682389 -0.99655549934 0.0313180182492 -0.076787489005 3.11017672705 39.0
-0.5175 0.0865 0.972113 0.619607843137 0.58431372549 0.549019607843 -0.0731571128777 0.104051147835 0.991877711953 0.0699119682389 0.844312399734 0.535816942027 0.00606434604923 0.565486677646 39.0
-0.5175 0.0865 0.972113 0.619607843137 0.58431372549 0.549019607843 -0.0731571128777 0.104051147835 0.991877711953 0.0699119682389 0.974742702162 0.217880807944 0.0490369056031 0.219911485751 39.0
-0.5175 0.1035 0.967953 0.639215686275 0.611764705882 0.592156862745 -0.0376345118254 0.351423208973 0.935459978682 0.0654332533257 -0.998157381177 0.031368359414 -0.0519410091274 3.11017672705 40.0
-0.5175 0.1035 0.967953 0.639215686275 0.611764705882 0.592156862745 -0.0376345118254 0.351423208973 0.935459978682 0.0654332533257 0.616336925646 0.745023360996 -0.255086231803 0.879645943005 40.0
-0.5175 0.1035 0.967953 0.639215686275 0.611764705882 0.592156862745 -0.0376345118254 0.351423208973 0.935459978682 0.0654332533257 -0.0587450699575 0.933726148795 -0.353135237284 1.63362817987 40.0
-0.5175 0.1345 0.954882 0.58431372549 0.564705882353 0.549019607843 -0.0929316161852 0.499458464103 0.86133904901 0.0204669006818 0.98228373765 0.18738064443 -0.00267447944019 0.188495559215 41.0
-0.5175 0.1345 0.954882 0.58431372549 0.564705882353 0.549019607843 -0.0929316161852 0.499458464103 0.86133904901 0.0204669006818 0.646348014584 0.68829072674 -0.329378383514 0.816814089933 41.0
-0.5175 0.1345 0.954882 0.58431372549 0.564705882353 0.549019607843 -0.0929316161852 0.499458464103 0.86133904901 0.0204669006818 0.411238768854 0.807101528023 -0.423638759387 1.09955742876 41.0
-0.5165 0.0235 0.966274 0.537254901961 0.494117647059 0.427450980392 -0.232855755992 -0.478031985293 0.846914173891 0.0413348072469 0.544131118779 0.657741533999 0.520862169896 0.879645943005 42.0
-0.5165 0.0235 0.966274 0.537254901961 0.494117647059 0.427450980392 -0.232855755992 -0.478031985293 0.846914173891 0.0413348072469 0.49995156727 0.688124298302 0.52586441263 0.942477796077 42.0
-0.5165 0.0235 0.966274 0.537254901961 0.494117647059 0.427450980392 -0.232855755992 -0.478031985293 0.846914173891 0.0413348072469 0.134111762122 0.846748341233 0.5148118898 1.41371669412 42.0
-0.5165 0.1155 0.963118 0.611764705882 0.592156862745 0.576470588235 -0.0682287274871 0.358097085961 0.93118812158 0.0407506800455 -0.909985518579 0.360288754406 -0.205227603954 2.76460153516 43.0
-0.5165 0.1155 0.963118 0.611764705882 0.592156862745 0.576470588235 -0.0682287274871 0.358097085961 0.93118812158 0.0407506800455 0.797997219776 0.579778917397 -0.164489647611 0.628318530718 43.0
-0.5165 0.1155 0.963118 0.611764705882 0.592156862745 0.576470588235 -0.0682287274871 0.358097085961 0.93118812158 0.0407506800455 -0.451480952223 0.821240803369 -0.348896105829 2.07345115137 43.0
-0.5155 0.0095 0.956367 0.564705882353 0.521568627451 0.458823529412 -0.0654527826861 -0.543280904866 0.836995693924 0.14226215941 -0.943571640276 0.306585010732 0.125212582681 2.82743338823 44.0
-0.5155 0.0095 0.956367 0.564705882353 0.521568627451 0.458823529412 -0.0654527826861 -0.543280904866 0.836995693924 0.14226215941 0.818823364577 0.450151954001 0.356218354289 0.502654824574 44.0
-0.5155 0.0095 0.956367 0.564705882353 0.521568627451 0.458823529412 -0.0654527826861 -0.543280904866 0.836995693924 0.14226215941 -0.770916308916 0.56010348396 0.303269075086 2.51327412287 44.0
-0.5155 0.0208101 0.965 0.564705882353 0.513725490196 0.447058823529 -0.205595327133 -0.562801732265 0.800615245683 0.0578004497058 0.520890544618 0.629648505735 0.576381644186 0.879645943005 45.0
-0.5155 0.0208101 0.965 0.564705882353 0.513725490196 0.447058823529 -0.205595327133 -0.562801732265 0.800615245683 0.0578004497058 0.962800562823 0.0302572266339 0.268513642976 0.0314159265359 45.0
-0.5155 0.0208101 0.965 0.564705882353 0.513725490196 0.447058823529 -0.205595327133 -0.562801732265 0.800615245683 0.0578004497058 -0.348990466324 0.806469384178 0.477297377741 1.97920337176 45.0
-0.5155 0.0655 0.979372 0.121568627451 0.137254901961 0.137254901961 -0.407891711492 0.402460817548 0.819542336938 0.187428044489 -0.400206375432 0.727972694429 -0.556678195396 2.07345115137 46.0
-0.5155 0.0655 0.979372 0.121568627451 0.137254901961 0.137254901961 -0.407891711492 0.402460817548 0.819542336938 0.187428044489 0.501896097142 0.848659953067 -0.16696284537 1.03672557568 46.0
-0.5155 0.0655 0.979372 0.121568627451 0.137254901961 0.137254901961 -0.407891711492 0.402460817548 0.819542336938 0.187428044489 -0.0556777276399 0.884972138777 -0.462303260029 1.63362817987 46.0
-0.5135 0.0495 0.979571 0.149019607843 0.149019607843 0.113725490196 -0.205371547452 -0.376541347253 0.903348848068 0.193285098477 -0.677148663954 0.72109008693 0.146624600381 2.32477856366 47.0
-0.5135 0.0495 0.979571 0.149019607843 0.149019607843 0.113725490196 -0.205371547452 -0.376541347253 0.903348848068 0.193285098477 -0.175917738445 0.922193080101 0.34440219557 1.75929188601 47.0
-0.5135 0.0495 0.979571 0.149019607843 0.149019607843 0.113725490196 -0.205371547452 -0.376541347253 0.903348848068 0.193285098477 0.60010713047 0.680687925218 0.420161136258 0.848230016469 47.0
-0.5135 0.1425 0.95101 0.329411764706 0.337254901961 0.349019607843 -0.154328536184 0.437836296244 0.885709930288 0.0918541549101 -0.832988336761 0.424428756712 -0.354951632333 2.67035375555 48.0
-0.5135 0.1425 0.95101 0.329411764706 0.337254901961 0.349019607843 -0.154328536184 0.437836296244 0.885709930288 0.0918541549101 0.888882552021 0.452908281867 -0.0690064991805 0.471238898038 48.0
-0.5135 0.1425 0.95101 0.329411764706 0.337254901961 0.349019607843 -0.154328536184 0.437836296244 0.885709930288 0.0918541549101 0.800113587836 0.581316548797 -0.147950385785 0.628318530718 48.0
-0.5125 0.0665 0.980136 0.156862745098 0.164705882353 0.164705882353 -0.232766776497 0.480704229412 0.845424787657 0.241698370686 0.0274099762667 0.872199587089 -0.488381585937 1.53938040026 49.0
-0.5125 0.0665 0.980136 0.156862745098 0.164705882353 0.164705882353 -0.232766776497 0.480704229412 0.845424787657 0.241698370686 0.964125181002 0.0 0.265447989931 0.0 49.0
-0.5125 0.0665 0.980136 0.156862745098 0.164705882353 0.164705882353 -0.232766776497 0.480704229412 0.845424787657 0.241698370686 0.667705418689 0.711034052102 -0.220454191626 0.816814089933 49.0
-0.5055 0.0475 0.978682 0.219607843137 0.211764705882 0.164705882353 0.20252737291 -0.493277575765 0.845966841236 0.243082248458 -0.455278109911 0.717403507382 0.527308306621 2.13628300444 50.0
-0.5055 0.0475 0.978682 0.219607843137 0.211764705882 0.164705882353 0.20252737291 -0.493277575765 0.845966841236 0.243082248458 0.711244121247 0.667902686747 0.219175274672 0.753982236862 50.0
-0.5055 0.0475 0.978682 0.219607843137 0.211764705882 0.164705882353 0.20252737291 -0.493277575765 0.845966841236 0.243082248458 -0.210953849874 0.821610999515 0.529578925845 1.82212373908 50.0
-0.503616 0.0675 0.979 0.164705882353 0.192156862745 0.18431372549 0.22703011679 0.52053819677 0.823102248675 0.185438271949 -0.527495851495 0.776186574756 -0.345373027066 2.16769893098 51.0
-0.503616 0.0675 0.979 0.164705882353 0.192156862745 0.18431372549 0.22703011679 0.52053819677 0.823102248675 0.185438271949 -0.71013230368 0.666858620557 -0.225857679655 2.38761041673 51.0
-0.503616 0.0675 0.979 0.164705882353 0.192156862745 0.18431372549 0.22703011679 0.52053819677 0.823102248675 0.185438271949 -0.929516625705 0.36802166676 0.0236409672497 2.76460153516 51.0
-0.5035 0.1145 0.963154 0.619607843137 0.603921568627 0.58431372549 0.0486532022958 0.312114740007 0.948797794568 0.012706303502 0.747648729614 0.618508819451 -0.241802021017 0.69115038379 52.0
-0.5035 0.1145 0.963154 0.619607843137 0.603921568627 0.58431372549 0.0486532022958 0.312114740007 0.948797794568 0.012706303502 0.37800357358 0.873514719224 -0.306733326619 1.16238928183 52.0
-0.5035 0.1145 0.963154 0.619607843137 0.603921568627 0.58431372549 0.0486532022958 0.312114740007 0.948797794568 0.012706303502 -0.693858143212 0.693858143212 -0.192670065646 2.35619449019 52.0
-0.5025 0.0355 0.972282 0.639215686275 0.592156862745 0.521568627451 0.0547961814062 -0.398254994759 0.915636575096 0.0972284848338 -0.689879488541 0.647839961223 0.323062959704 2.38761041673 53.0
-0.5025 0.0355 0.972282 0.639215686275 0.592156862745 0.521568627451 0.0547961814062 -0.398254994759 0.915636575096 0.0972284848338 -0.908862699784 0.359844198996 0.210904588358 2.76460153516 53.0
-0.5025 0.0355 0.972282 0.639215686275 0.592156862745 0.521568627451 0.0547961814062 -0.398254994759 0.915636575096 0.0972284848338 0.258948929003 0.891308059834 0.372176563801 1.28805298797 53.0
-0.5025 0.0535 0.980632 0.219607843137 0.211764705882 0.176470588235 0.293322467724 -0.294745581058 0.909443221084 0.209475291675 0.151039691401 0.953627080363 0.26035053912 1.41371669412 54.0
-0.5025 0.0535 0.980632 0.219607843137 0.211764705882 0.176470588235 0.293322467724 -0.294745581058 0.909443221084 0.209475291675 -0.31295592994 0.869268535974 0.382662773576 1.91637151869 54.0
-0.5025 0.0535 0.980632 0.219607843137 0.211764705882 0.176470588235 0.293322467724 -0.294745581058 0.909443221084 0.209475291675 0.954055116481 0.151107485662 -0.258738019034 0.157079632679 54.0
-0.5025 0.0945 0.969865 0.63137254902 0.603921568627 0.58431372549 0.141838993379 0.262854954579 0.954352645939 0.044091426663 -0.529669958737 0.834626303969 -0.151157757108 2.13628300444 55.0
-0.5025 0.0945 0.969865 0.63137254902 0.603921568627 0.58431372549 0.141838993379 0.262854954579 0.954352645939 0.044091426663 -0.272301037551 0.937266318903 -0.217678644792 1.85353966562 55.0
-0.5025 0.0945 0.969865 0.63137254902 0.603921568627 0.58431372549 0.141838993379 0.262854954579 0.954352645939 0.044091426663 -0.704281358211 0.704281358211 -0.0893058618128 2.35619449019 55.0
-0.5025 0.1015 0.967509 0.647058823529 0.619607843137 0.603921568627 0.149845922564 0.334193121297 0.93051660768 0.0220064482687 -0.825136689237 0.560762314944 -0.0685205824064 2.54469004941 56.0
-0.5025 0.1015 0.967509 0.647058823529 0.619607843137 0.603921568627 0.149845922564 0.334193121297 0.93051660768 0.0220064482687 -0.325905957286 0.905238620689 -0.272632255281 1.91637151869 56.0
-0.5025 0.1015 0.967509 0.647058823529 0.619607843137 0.603921568627 0.149845922564 0.334193121297 0.93051660768 0.0220064482687 0.342591516307 0.865287397442 -0.365935476255 1.19380520836 56.0
-0.5025 0.1345 0.955586 0.6 0.592156862745 0.58431372549 0.0386704651631 0.454266554822 0.890026118883 0.0239044556534 -0.307095172873 0.852989656976 -0.422020378525 1.91637151869 57.0
-0.5025 0.1345 0.955586 0.6 0.592156862745 0.58431372549 0.0386704651631 0.454266554822 0.890026118883 0.0239044556534 -0.840210907085 0.496899345277 -0.217109816173 2.60752190248 57.0
-0.5025 0.1345 0.955586 0.6 0.592156862745 0.58431372549 0.0386704651631 0.454266554822 0.890026118883 0.0239044556534 0.658415754938 0.658415754938 -0.364660646765 0.785398163397 57.0
-0.5015 0.0459882 0.975 0.356862745098 0.329411764706 0.282352941176 0.326684117553 -0.48058624904 0.813826974591 0.197401312337 0.0546879431901 0.869239965453 0.491356399499 1.50796447372 58.0
-0.5015 0.0459882 0.975 0.356862745098 0.329411764706 0.282352941176 0.326684117553 -0.48058624904 0.813826974591 0.197401312337 -0.653667618415 0.507036578641 0.561811848003 2.48185819634 58.0
-0.5015 0.0459882 0.975 0.356862745098 0.329411764706 0.282352941176 0.326684117553 -0.48058624904 0.813826974591 0.197401312337 0.859875154461 0.508528748757 -0.0448690364007 0.53407075111 58.0
-0.5015 0.0765 0.972856 0.603921568627 0.58431372549 0.564705882353 0.0730548625306 0.245024488566 0.966760563461 0.117739986656 0.5950830561 0.767176453192 -0.239408533704 0.911061869541 59.0
-0.5015 0.0765 0.972856 0.603921568627 0.58431372549 0.564705882353 0.0730548625306 0.245024488566 0.966760563461 0.117739986656 0.844978516056 0.499718901363 -0.190505451428 0.53407075111 59.0
-0.5015 0.0765 0.972856 0.603921568627 0.58431372549 0.564705882353 0.0730548625306 0.245024488566 0.966760563461 0.117739986656 -0.445886754312 0.875102028276 -0.188099554589 2.04203522483 59.0
-0.5015 0.1185 0.962183 0.611764705882 0.603921568627 0.58431372549 0.027179069357 0.28734019013 0.957442903428 0.0282636803929 0.464311185073 0.844578910284 -0.266648809708 1.06814150222 60.0
-0.5015 0.1185 0.962183 0.611764705882 0.603921568627 0.58431372549 0.027179069357 0.28734019013 0.957442903428 0.0282636803929 0.998793261532 0.0313883427592 -0.0377729090427 0.0314159265359 60.0
-0.5015 0.1185 0.962183 0.611764705882 0.603921568627 0.58431372549 0.027179069357 0.28734019013 0.957442903428 0.0282636803929 -0.297829752466 0.916625726046 -0.266635925742 1.88495559215 60.0
-0.5015 0.144066 0.951 0.376470588235 0.392156862745 0.38431372549 0.102163103152 0.436993548311 0.893643854726 0.0567081236065 0.356043960067 0.822769046503 -0.443039269836 1.16238928183 61.0
-0.5015 0.144066 0.951 0.376470588235 0.392156862745 0.38431372549 0.102163103152 0.436993548311 0.893643854726 0.0567081236065 -0.99352861126 1.21672163364e-16 0.113582122744 3.14159265359 61.0
-0.5015 0.144066 0.951 0.376470588235 0.392156862745 0.38431372549 0.102163103152 0.436993548311 0.893643854726 0.0567081236065 0.303119626151 0.841947151154 -0.446366986801 1.2252211349 61.0
-0.4995 0.0171127 0.963 0.686274509804 0.63137254902 0.556862745098 0.147512476091 -0.578774135803 0.802035266758 0.0588658997204 0.0255453240566 0.81286539169 0.581891133642 1.53938040026 62.0
-0.4995 0.0171127 0.963 0.686274509804 0.63137254902 0.556862745098 0.147512476091 -0.578774135803 0.802035266758 0.0588658997204 0.234808491139 0.808216127694 0.540047834385 1.28805298797 62.0
-0.4995 0.0171127 0.963 0.686274509804 0.63137254902 0.556862745098 0.147512476091 -0.578774135803 0.802035266758 0.0588658997204 -0.92483814414 0.206725817609 0.319278629848 2.92168116784 62.0
-0.4995 0.0199049 0.965 0.686274509804 0.639215686275 0.576470588235 0.180344830617 -0.551797181116 0.814245425521 0.0603643278448 0.745481616934 0.616716027928 0.252821082408 0.69115038379 63.0
-0.4995 0.0199049 0.965 0.686274509804 0.639215686275 0.576470588235 0.180344830617 -0.551797181116 0.814245425521 0.0603643278448 0.768276469044 0.595936315859 0.233690339024 0.659734457254 63.0
-0.4995 0.0199049 0.965 0.686274509804 0.639215686275 0.576470588235 0.180344830617 -0.551797181116 0.814245425521 0.0603643278448 0.621850023864 0.705350396702 0.340269548582 0.848230016469 63.0
-0.4955 0.0595 0.977437 0.211764705882 0.219607843137 0.2 0.551750001942 0.0320856501428 0.833392132439 0.133856634094 -0.822841082641 0.183926773186 0.537683452251 2.92168116784 64.0
-0.4955 0.0595 0.977437 0.211764705882 0.219607843137 0.2 0.551750001942 0.0320856501428 0.833392132439 0.133856634094 0.778991258823 0.337099619666 -0.528712081476 0.408407044967 64.0
-0.4955 0.0595 0.977437 0.211764705882 0.219607843137 0.2 0.551750001942 0.0320856501428 0.833392132439 0.133856634094 -0.275995451206 0.949982574111 0.146149306531 1.85353966562 64.0
-0.4935 0.0195 0.963009 0.666666666667 0.619607843137 0.541176470588 0.245838588377 -0.467923205741 0.848888250592 0.0626676415651 0.742103999668 0.654252683575 0.145722612216 0.722566310326 65.0
-0.4935 0.0195 0.963009 0.666666666667 0.619607843137 0.541176470588 0.245838588377 -0.467923205741 0.848888250592 0.0626676415651 -0.960531684862 1.17631205335e-16 0.278170599409 3.14159265359 65.0
-0.4935 0.0195 0.963009 0.666666666667 0.619607843137 0.541176470588 0.245838588377 -0.467923205741 0.848888250592 0.0626676415651 0.952958127307 0.276859929323 -0.123366880218 0.282743338823 65.0
-0.4935 0.1125 0.963103 0.639215686275 0.627450980392 0.6 0.127688106898 0.234840219126 0.96361082333 0.018900738055 -0.989701402814 0.0935543271231 0.108345378974 3.04734487398 66.0
-0.4935 0.1125 0.963103 0.639215686275 0.627450980392 0.6 0.127688106898 0.234840219126 0.96361082333 0.018900738055 0.765823193926 0.594033360615 -0.246250283497 0.659734457254 66.0
-0.4935 0.1125 0.963103 0.639215686275 0.627450980392 0.6 0.127688106898 0.234840219126 0.96361082333 0.018900738055 -0.557598642014 0.820481485886 -0.126070955188 2.16769893098 66.0
-0.4935 0.1435 0.949604 0.419607843137 0.419607843137 0.427450980392 0.193636767483 0.554867940002 0.809089841388 0.0995356565383 -0.240097902958 0.826422402592 -0.509292656033 1.85353966562 67.0
-0.4935 0.1435 0.949604 0.419607843137 0.419607843137 0.427450980392 0.193636767483 0.554867940002 0.809089841388 0.0995356565383 -0.460966848545 0.779452373269 -0.424221124353 2.10486707791 67.0
-0.4935 0.1435 0.949604 0.419607843137 0.419607843137 0.427450980392 0.193636767483 0.554867940002 0.809089841388 0.0995356565383 0.250042663407 0.769552188759 -0.587595179739 1.25663706144 67.0
-0.4895 0.0195 0.962176 0.686274509804 0.639215686275 0.56862745098 0.257410281504 -0.439828216469 0.860401700936 0.0918021220034 5.45216696221e-17 0.890406436534 0.45516631881 1.57079632679 68.0
-0.4895 0.0195 0.962176 0.686274509804 0.639215686275 0.56862745098 0.257410281504 -0.439828216469 0.860401700936 0.0918021220034 -0.0555037301738 0.882206528249 0.467579915577 1.63362817987 68.0
-0.4895 0.0195 0.962176 0.686274509804 0.639215686275 0.56862745098 0.257410281504 -0.439828216469 0.860401700936 0.0918021220034 0.876195913642 0.481692779757 -0.0158992718883 0.502654824574 68.0
-0.4885 0.0225 0.963359 0.694117647059 0.639215686275 0.56862745098 0.294886889672 -0.392764965802 0.871078299545 0.042773291505 0.770241432345 0.637199128605 0.0265594880358 0.69115038379 69.0
-0.4885 0.0225 0.963359 0.694117647059 0.639215686275 0.56862745098 0.294886889672 -0.392764965802 0.871078299545 0.042773291505 -0.763379609542 0.451461442575 0.461989326287 2.60752190248 69.0
-0.4885 0.0225 0.963359 0.694117647059 0.639215686275 0.56862745098 0.294886889672 -0.392764965802 0.871078299545 0.042773291505 -0.851108587437 0.306417946167 0.426288886388 2.79601746169 69.0
-0.4885 0.0995 0.965943 0.647058823529 0.63137254902 0.603921568627 0.222468822572 0.278024989494 0.934456916182 0.0288019155506 0.894867145478 0.322171996449 -0.308898036006 0.345575191895 70.0
-0.4885 0.0995 0.965943 0.647058823529 0.63137254902 0.603921568627 0.222468822572 0.278024989494 0.934456916182 0.0288019155506 0.425338486629 0.834773782252 -0.349628237213 1.09955742876 70.0
-0.4885 0.0995 0.965943 0.647058823529 0.63137254902 0.603921568627 0.222468822572 0.278024989494 0.934456916182 0.0288019155506 -0.706482765072 0.706482765072 -0.042002444141 2.35619449019 70.0
-0.4875 0.0425 0.971611 0.701960784314 0.647058823529 0.576470588235 0.32640165626 -0.286093506572 0.900895368113 0.119230465057 -0.777938197267 0.460071367354 0.427956187213 2.60752190248 71.0
-0.4875 0.0425 0.971611 0.701960784314 0.647058823529 0.576470588235 0.32640165626 -0.286093506572 0.900895368113 0.119230465057 0.945010065971 0.119382534259 -0.30447296387 0.125663706144 71.0
-0.4875 0.0425 0.971611 0.701960784314 0.647058823529 0.576470588235 0.32640165626 -0.286093506572 0.900895368113 0.119230465057 0.534365885762 0.842025900929 0.073793511225 1.00530964915 71.0
-0.4875 0.077027 0.971 0.603921568627 0.58431372549 0.564705882353 0.217443459839 0.224526546872 0.949897979534 0.0561525975576 -0.85822047485 0.507550173963 0.0764881524092 2.60752190248 72.0
-0.4875 0.077027 0.971 0.603921568627 0.58431372549 0.564705882353 0.217443459839 0.224526546872 0.949897979534 0.0561525975576 0.850744829287 0.433476141548 -0.297206443656 0.471238898038 72.0
-0.4875 0.077027 0.971 0.603921568627 0.58431372549 0.564705882353 0.217443459839 0.224526546872 0.949897979534 0.0561525975576 0.712745068924 0.628369304379 -0.311683307283 0.722566310326 72.0
-0.4875 0.0925 0.967305 0.576470588235 0.549019607843 0.509803921569 0.246908190533 0.257792483513 0.934119575264 0.0174411067911 0.549701323469 0.756598963282 -0.354099511067 0.942477796077 73.0
-0.4875 0.0925 0.967305 0.576470588235 0.549019607843 0.509803921569 0.246908190533 0.257792483513 0.934119575264 0.0174411067911 0.235948860771 0.918960139617 -0.31597531058 1.31946891451 73.0
-0.4875 0.0925 0.967305 0.576470588235 0.549019607843 0.509803921569 0.246908190533 0.257792483513 0.934119575264 0.0174411067911 -0.421829538796 0.896433400574 -0.135893335138 2.0106192983 73.0
-0.4875 0.1255 0.957741 0.654901960784 0.63137254902 0.619607843137 0.19254752744 0.376366299558 0.9062416114 0.0445525356184 0.226351991704 0.881582802386 -0.414217984144 1.31946891451 74.0
-0.4875 0.1255 0.957741 0.654901960784 0.63137254902 0.619607843137 0.19254752744 0.376366299558 0.9062416114 0.0445525356184 -0.466072558912 0.847782837404 -0.253062503014 2.07345115137 74.0
-0.4875 0.1255 0.957741 0.654901960784 0.63137254902 0.619607843137 0.19254752744 0.376366299558 0.9062416114 0.0445525356184 -0.948481767637 0.308180407823 0.0735334800934 2.82743338823 74.0
-0.4875 0.134824 0.953 0.63137254902 0.619607843137 0.611764705882 0.204832571837 0.444800018447 0.871892516945 0.0191757653114 0.687454539234 0.56871185444 -0.45163379314 0.69115038379 75.0
-0.4875 0.134824 0.953 0.63137254902 0.619607843137 0.611764705882 0.204832571837 0.444800018447 0.871892516945 0.0191757653114 0.912940547058 0.234403292095 -0.334057860546 0.251327412287 75.0
-0.4875 0.134824 0.953 0.63137254902 0.619607843137 0.611764705882 0.204832571837 0.444800018447 0.871892516945 0.0191757653114 0.846692329601 0.366396489113 -0.38583119594 0.408407044967 75.0
-0.4855 0.0595 0.973246 0.666666666667 0.63137254902 0.58431372549 0.250059303285 0.0146777698201 0.96811926327 0.049502564786 0.450157693828 0.88348421904 -0.129667595777 1.09955742876 76.0
-0.4855 0.0595 0.973246 0.666666666667 0.63137254902 0.58431372549 0.250059303285 0.0146777698201 0.96811926327 0.049502564786 0.754264685119 0.623982013837 -0.20428223415 0.69115038379 76.0
-0.4855 0.0595 0.973246 0.666666666667 0.63137254902 0.58431372549 0.250059303285 0.0146777698201 0.96811926327 0.049502564786 -0.531649731903 0.837745927299 0.124620720029 2.13628300444 76.0
-0.4835 0.0265 0.962933 0.701960784314 0.647058823529 0.576470588235 0.29451362155 -0.373234564092 0.879748649836 0.0216816835998 -0.814592021 0.383317908843 0.435324270037 2.70176968209 77.0
-0.4835 0.0265 0.962933 0.701960784314 0.647058823529 0.576470588235 0.29451362155 -0.373234564092 0.879748649836 0.0216816835998 0.953952417091 0.0600175988971 -0.293892282562 0.0628318530718 77.0
-0.4835 0.0265 0.962933 0.701960784314 0.647058823529 0.576470588235 0.29451362155 -0.373234564092 0.879748649836 0.0216816835998 -0.301445658081 0.83729752597 0.456139636766 1.91637151869 77.0
-0.4825 0.105115 0.963 0.658823529412 0.63137254902 0.611764705882 0.249183375704 0.217774865178 0.943653407438 0.0340343470878 0.797764953303 0.50627703427 -0.327497547858 0.565486677646 78.0
-0.4825 0.105115 0.963 0.658823529412 0.63137254902 0.611764705882 0.249183375704 0.217774865178 0.943653407438 0.0340343470878 -0.9678137513 0.0914853348959 0.23445037064 3.04734487398 78.0
-0.4825 0.105115 0.963 0.658823529412 0.63137254902 0.611764705882 0.249183375704 0.217774865178 0.943653407438 0.0340343470878 -0.507994889693 0.858972448081 -0.0640899795856 2.10486707791 78.0
-0.4785 0.0345 0.963947 0.694117647059 0.647058823529 0.576470588235 0.374378192535 -0.35950489359 0.854749788206 0.00798866478519 0.862266028187 0.474034760424 -0.178292856126 0.502654824574 79.0
-0.4785 0.0345 0.963947 0.694117647059 0.647058823529 0.576470588235 0.374378192535 -0.35950489359 0.854749788206 0.00798866478519 0.47588260205 0.865627239627 0.155644566506 1.06814150222 79.0
-0.4785 0.0345 0.963947 0.694117647059 0.647058823529 0.576470588235 0.374378192535 -0.35950489359 0.854749788206 0.00798866478519 0.914252126696 0.297058523286 -0.275498244233 0.314159265359 79.0
-0.4785 0.0975 0.963548 0.313725490196 0.266666666667 0.227450980392 0.313571787657 0.286579342355 0.905287255251 0.0276276091111 -0.768885446774 0.636077359783 0.0649673926745 2.4504422698 80.0
-0.4785 0.0975 0.963548 0.313725490196 0.266666666667 0.227450980392 0.313571787657 0.286579342355 0.905287255251 0.0276276091111 -0.749157312365 0.660471015186 0.0504118976969 2.41902634326 80.0
-0.4785 0.0975 0.963548 0.313725490196 0.266666666667 0.227450980392 0.313571787657 0.286579342355 0.905287255251 0.0276276091111 0.488104397364 0.769129459587 -0.412545720701 1.00530964915 80.0
-0.4755 0.0905927 0.965 0.0941176470588 0.0666666666667 0.0549019607843 0.2546299894 0.3243323062 0.911028058653 0.110259125738 -0.445985558006 0.875295941446 -0.186959613121 2.04203522483 81.0
-0.4755 0.0905927 0.965 0.0941176470588 0.0666666666667 0.0549019607843 0.2546299894 0.3243323062 0.911028058653 0.110259125738 0.723495112578 0.561200335171 -0.402006226169 0.659734457254 81.0
-0.4755 0.0905927 0.965 0.0941176470588 0.0666666666667 0.0549019607843 0.2546299894 0.3243323062 0.911028058653 0.110259125738 5.76857866326e-17 0.942080388774 -0.335387151048 1.57079632679 81.0
-0.4745 0.0365 0.963133 0.686274509804 0.639215686275 0.564705882353 0.387131844815 -0.348045234344 0.853811132265 0.021597556977 0.209005907842 0.93503868147 0.286389934603 1.35088484104 82.0
-0.4745 0.0365 0.963133 0.686274509804 0.639215686275 0.564705882353 0.387131844815 -0.348045234344 0.853811132265 0.021597556977 -0.323110964946 0.816085141151 0.479170477727 1.94778744523 82.0
-0.4745 0.0365 0.963133 0.686274509804 0.639215686275 0.564705882353 0.387131844815 -0.348045234344 0.853811132265 0.021597556977 -0.417517936264 0.759462306683 0.498894555619 2.07345115137 82.0
-0.4735 0.1335 0.950518 0.364705882353 0.356862745098 0.349019607843 0.304149208772 0.356767594506 0.883295048279 0.0289272356094 0.828528978043 0.358536505021 -0.430106157954 0.408407044967 83.0
-0.4735 0.1335 0.950518 0.364705882353 0.356862745098 0.349019607843 0.304149208772 0.356767594506 0.883295048279 0.0289272356094 -0.0882689804027 0.933788274855 -0.346767998583 1.6650441064 83.0
-0.4735 0.1335 0.950518 0.364705882353 0.356862745098 0.349019607843 0.304149208772 0.356767594506 0.883295048279 0.0289272356094 0.73624927972 0.500354493816 -0.455612092278 0.596902604182 83.0
-0.4725 0.0315 0.960245 0.694117647059 0.658823529412 0.58431372549 0.422773676663 -0.387861674734 0.819039522608 0.0514240480202 -0.664033570537 0.482448629018 0.571229146278 2.51327412287 84.0
-0.4725 0.0315 0.960245 0.694117647059 0.658823529412 0.58431372549 0.422773676663 -0.387861674734 0.819039522608 0.0514240480202 0.801285542218 0.582168023497 -0.137919803688 0.628318530718 84.0
-0.4725 0.0315 0.960245 0.694117647059 0.658823529412 0.58431372549 0.422773676663 -0.387861674734 0.819039522608 0.0514240480202 -0.695088729541 0.441116721272 0.567686265713 2.57610597594 84.0
-0.4725 0.0625 0.968348 0.709803921569 0.674509803922 0.619607843137 0.523985137024 0.00180445860781 0.851725495748 0.0699031897409 -0.303691502641 0.934666338057 0.184852123942 1.88495559215 85.0
-0.4725 0.0625 0.968348 0.709803921569 0.674509803922 0.619607843137 0.523985137024 0.00180445860781 0.851725495748 0.0699031897409 0.723908860241 0.525950573365 -0.446466075354 0.628318530718 85.0
-0.4725 0.0625 0.968348 0.709803921569 0.674509803922 0.619607843137 0.523985137024 0.00180445860781 0.851725495748 0.0699031897409 0.385625986218 0.891129075543 -0.23912668081 1.16238928183 85.0
-0.4725 0.0775 0.966566 0.121568627451 0.0941176470588 0.0666666666667 0.434436136156 0.201817292587 0.877801244027 0.0332720284652 0.417136745566 0.818676959079 -0.394670713598 1.09955742876 86.0
-0.4725 0.0775 0.966566 0.121568627451 0.0941176470588 0.0666666666667 0.434436136156 0.201817292587 0.877801244027 0.0332720284652 0.551469037115 0.710949598719 -0.436385803142 0.911061869541 86.0
-0.4725 0.0775 0.966566 0.121568627451 0.0941176470588 0.0666666666667 0.434436136156 0.201817292587 0.877801244027 0.0332720284652 0.207010616972 0.926112263245 -0.315377044706 1.35088484104 86.0
-0.47189 0.1215 0.955 0.658823529412 0.647058823529 0.63137254902 0.328157542648 0.305078144414 0.89400221085 0.0428458737776 0.911950726063 0.144438805351 -0.384035551403 0.157079632679 87.0
-0.47189 0.1215 0.955 0.658823529412 0.647058823529 0.63137254902 0.328157542648 0.305078144414 0.89400221085 0.0428458737776 -0.362164849058 0.914723992772 -0.179211158006 1.94778744523 87.0
-0.47189 0.1215 0.955 0.658823529412 0.647058823529 0.63137254902 0.328157542648 0.305078144414 0.89400221085 0.0428458737776 -0.878092536666 0.447410494443 0.169638870881 2.67035375555 87.0
-0.471875 0.1035 0.959 0.627450980392 0.6 0.564705882353 0.481781526129 0.305752357909 0.821219858938 0.0320168917034 0.169214653346 0.887054277453 -0.429535923929 1.38230076758 88.0
-0.471875 0.1035 0.959 0.627450980392 0.6 0.564705882353 0.481781526129 0.305752357909 0.821219858938 0.0320168917034 0.862525268415 0.0 -0.506013993231 0.0 88.0
-0.471875 0.1035 0.959 0.627450980392 0.6 0.564705882353 0.481781526129 0.305752357909 0.821219858938 0.0320168917034 0.344336613443 0.795714964706 -0.498266988256 1.16238928183 88.0
-0.4695 0.0145 0.945981 0.654901960784 0.603921568627 0.537254901961 0.373001577722 -0.443445201817 0.815000721473 0.152256666092 -0.879407488356 0.111095001405 0.46292587969 3.01592894745 89.0
-0.4695 0.0145 0.945981 0.654901960784 0.603921568627 0.537254901961 0.373001577722 -0.443445201817 0.815000721473 0.152256666092 -0.458904550945 0.675257540942 0.577437326923 2.16769893098 89.0
-0.4695 0.0145 0.945981 0.654901960784 0.603921568627 0.537254901961 0.373001577722 -0.443445201817 0.815000721473 0.152256666092 -0.499651158697 0.644146392394 0.579158134518 2.23053078405 89.0
-0.4685 0.0945 0.961184 0.239215686275 0.2 0.156862745098 0.351904794965 0.268202221776 0.896789040697 0.0248100999882 0.231907440139 0.903219845485 -0.361127193562 1.31946891451 90.0
-0.4685 0.0945 0.961184 0.239215686275 0.2 0.156862745098 0.351904794965 0.268202221776 0.896789040697 0.0248100999882 0.39005443182 0.828907861036 -0.400960469536 1.13097335529 90.0
-0.4685 0.0945 0.961184 0.239215686275 0.2 0.156862745098 0.351904794965 0.268202221776 0.896789040697 0.0248100999882 0.509105875432 0.74912654672 -0.423816734687 0.973893722613 90.0
-0.4675 0.0375 0.960354 0.694117647059 0.647058823529 0.58431372549 0.359944534656 -0.41318276238 0.836492640042 0.050501325848 -0.214616012771 0.835874182295 0.505226996938 1.82212373908 91.0
-0.4675 0.0375 0.960354 0.694117647059 0.647058823529 0.58431372549 0.359944534656 -0.41318276238 0.836492640042 0.050501325848 -0.512941468535 0.661280156595 0.547356925918 2.23053078405 91.0
-0.4675 0.0375 0.960354 0.694117647059 0.647058823529 0.58431372549 0.359944534656 -0.41318276238 0.836492640042 0.050501325848 0.322717092472 0.896381207926 0.303898680983 1.2252211349 91.0
-0.4665 0.1335 0.947942 0.376470588235 0.4 0.4 0.328943881092 0.455485684407 0.827241629992 0.0365823244203 -0.228096237629 0.888376191741 -0.398446794851 1.82212373908 92.0
-0.4665 0.1335 0.947942 0.376470588235 0.4 0.4 0.328943881092 0.455485684407 0.827241629992 0.0365823244203 0.890813412295 0.14109098374 -0.431908322197 0.157079632679 92.0
-0.4665 0.1335 0.947942 0.376470588235 0.4 0.4 0.328943881092 0.455485684407 0.827241629992 0.0365823244203 -0.703006272405 0.703006272405 -0.107537723232 2.35619449019 92.0
-0.4655 0.0785 0.962842 0.23137254902 0.18431372549 0.141176470588 0.459570381777 0.17340897937 0.871047868988 0.0944312821629 -0.186511480273 0.977727419577 -0.0962421982995 1.75929188601 93.0
-0.4655 0.0785 0.962842 0.23137254902 0.18431372549 0.141176470588 0.459570381777 0.17340897937 0.871047868988 0.0944312821629 -0.886382231334 0.027855683818 0.462115354489 3.11017672705 93.0
-0.4655 0.0785 0.962842 0.23137254902 0.18431372549 0.141176470588 0.459570381777 0.17340897937 0.871047868988 0.0944312821629 -0.79967868994 0.507491528471 0.320883688251 2.57610597594 93.0
-0.464678 0.0635 0.963 0.537254901961 0.486274509804 0.43137254902 0.558441731293 -0.0259514837955 0.829137716691 0.0130510078507 0.715861679163 0.52010395408 -0.465869008689 0.628318530718 94.0
-0.464678 0.0635 0.963 0.537254901961 0.486274509804 0.43137254902 0.558441731293 -0.0259514837955 0.829137716691 0.0130510078507 0.62698220627 0.667668235485 -0.401388141759 0.816814089933 94.0
-0.464678 0.0635 0.963 0.537254901961 0.486274509804 0.43137254902 0.558441731293 -0.0259514837955 0.829137716691 0.0130510078507 -0.541693677903 0.7455773847 0.388178210033 2.19911485751 94.0
-0.4625 0.1295 0.948399 0.411764705882 0.403921568627 0.4 0.3229907129 0.377930165133 0.867666865601 0.0566624625322 -0.750081910325 0.661286157939 -0.00881731943899 2.41902634326 95.0
-0.4625 0.1295 0.948399 0.411764705882 0.403921568627 0.4 0.3229907129 0.377930165133 0.867666865601 0.0566624625322 0.67099542226 0.555095688711 -0.491562732193 0.69115038379 95.0
-0.4625 0.1295 0.948399 0.411764705882 0.403921568627 0.4 0.3229907129 0.377930165133 0.867666865601 0.0566624625322 -0.706399103851 0.706399103851 -0.0447282031412 2.35619449019 95.0
-0.459863 0.0425 0.957 0.674509803922 0.63137254902 0.549019607843 0.504347609403 -0.276591630699 0.818004008986 0.0144474398262 0.425378293263 0.903974887697 0.0433902066617 1.13097335529 96.0
-0.459863 0.0425 0.957 0.674509803922 0.63137254902 0.549019607843 0.504347609403 -0.276591630699 0.818004008986 0.0144474398262 -0.224126265934 0.872914172849 0.433345432373 1.82212373908 96.0
-0.459863 0.0425 0.957 0.674509803922 0.63137254902 0.549019607843 0.504347609403 -0.276591630699 0.818004008986 0.0144474398262 0.860443682277 0.0813358751376 -0.503012072464 0.0942477796077 96.0
-0.4595 0.0195 0.942626 0.43137254902 0.411764705882 0.356862745098 0.516518930453 -0.274963134219 0.810927536408 0.0899279197029 -0.493116576076 0.678716739996 0.544223877875 2.19911485751 97.0
-0.4595 0.0195 0.942626 0.43137254902 0.411764705882 0.356862745098 0.516518930453 -0.274963134219 0.810927536408 0.0899279197029 0.630849619966 0.762566194874 -0.14325346566 0.879645943005 97.0
-0.4595 0.0195 0.942626 0.43137254902 0.411764705882 0.356862745098 0.516518930453 -0.274963134219 0.810927536408 0.0899279197029 0.306606168125 0.943636756033 0.124668882773 1.25663706144 97.0
-0.4595 0.1175 0.95159 0.658823529412 0.639215686275 0.619607843137 0.405965757305 0.212750513309 0.888779513143 0.0790177781577 0.873589462034 0.195270379945 -0.445770042218 0.219911485751 98.0
-0.4595 0.1175 0.95159 0.658823529412 0.639215686275 0.619607843137 0.405965757305 0.212750513309 0.888779513143 0.0790177781577 0.857048642357 0.24899564813 -0.451075150996 0.282743338823 98.0
-0.4595 0.1175 0.95159 0.658823529412 0.639215686275 0.619607843137 0.405965757305 0.212750513309 0.888779513143 0.0790177781577 -0.772628507154 0.599312102652 0.209452127101 2.48185819634 98.0
-0.4595 0.131194 0.947 0.43137254902 0.439215686275 0.447058823529 0.223543593179 0.385992531376 0.895007277998 0.0773155776863 0.956359575139 0.0904025964654 -0.277855598455 0.0942477796077 99.0
-0.4595 0.131194 0.947 0.43137254902 0.439215686275 0.447058823529 0.223543593179 0.385992531376 0.895007277998 0.0773155776863 -0.116506346771 0.922242697656 -0.368638953154 1.69646003294 99.0
-0.4595 0.131194 0.947 0.43137254902 0.439215686275 0.447058823529 0.223543593179 0.385992531376 0.895007277998 0.0773155776863 0.789436207419 0.466871271602 -0.398524390933 0.53407075111 99.0
-0.4565 0.0545 0.957502 0.674509803922 0.639215686275 0.58431372549 0.538653124856 -0.041850894298 0.841487560056 0.0377100497522 0.798105599244 0.345371133387 -0.493706626124 0.408407044967 100.0
-0.4565 0.0545 0.957502 0.674509803922 0.639215686275 0.58431372549 0.538653124856 -0.041850894298 0.841487560056 0.0377100497522 -0.651833782326 0.612112665008 0.447694991657 2.38761041673 100.0
-0.4565 0.0545 0.957502 0.674509803922 0.639215686275 0.58431372549 0.538653124856 -0.041850894298 0.841487560056 0.0377100497522 0.513087363554 0.808496315097 -0.288227455035 1.00530964915 100.0
-0.4565 0.0985 0.9542 0.274509803922 0.239215686275 0.192156862745 0.492234504587 0.0934525248319 0.865431579096 0.0245482745139 0.582202367805 0.703761768593 -0.407136065695 0.879645943005 101.0
-0.4565 0.0985 0.9542 0.274509803922 0.239215686275 0.192156862745 0.492234504587 0.0934525248319 0.865431579096 0.0245482745139 -0.0626281404837 0.995445787407 -0.0718707197249 1.63362817987 101.0
-0.4565 0.0985 0.9542 0.274509803922 0.239215686275 0.192156862745 0.492234504587 0.0934525248319 0.865431579096 0.0245482745139 -0.690020694525 0.647972562467 0.322494960296 2.38761041673 101.0
-0.456014 0.0885 0.955 0.227450980392 0.192156862745 0.141176470588 0.530750747518 0.120916086033 0.8388581192 0.0142841790075 0.122346505501 0.968472314248 -0.217008546206 1.44513262065 102.0
-0.456014 0.0885 0.955 0.227450980392 0.192156862745 0.141176470588 0.530750747518 0.120916086033 0.8388581192 0.0142841790075 0.782648272133 0.309872371975 -0.539852568035 0.376991118431 102.0
-0.456014 0.0885 0.955 0.227450980392 0.192156862745 0.141176470588 0.530750747518 0.120916086033 0.8388581192 0.0142841790075 0.843032040778 0.0264933491965 -0.537210462175 0.0314159265359 102.0
-0.455547 0.0665 0.957 0.203921568627 0.164705882353 0.121568627451 0.516420507694 -0.00305198170401 0.856329693891 0.0568244941591 0.825386529182 0.268184340337 -0.496804022772 0.314159265359 103.0
-0.455547 0.0665 0.957 0.203921568627 0.164705882353 0.121568627451 0.516420507694 -0.00305198170401 0.856329693891 0.0568244941591 0.0314070445293 0.999388361505 -0.015378570871 1.53938040026 103.0
-0.455547 0.0665 0.957 0.203921568627 0.164705882353 0.121568627451 0.516420507694 -0.00305198170401 0.856329693891 0.0568244941591 0.740715473685 0.5033897161 -0.444903788216 0.596902604182 103.0
-0.453026 0.1195 0.947 0.666666666667 0.658823529412 0.627450980392 0.488337025106 0.290973446264 0.822715870444 0.0701090828694 0.346466632874 0.800637149191 -0.488815944545 1.16238928183 104.0
-0.453026 0.1195 0.947 0.666666666667 0.658823529412 0.627450980392 0.488337025106 0.290973446264 0.822715870444 0.0701090828694 -0.87214552573 0.194947621941 0.448728878778 2.92168116784 104.0
-0.453026 0.1195 0.947 0.666666666667 0.658823529412 0.627450980392 0.488337025106 0.290973446264 0.822715870444 0.0701090828694 0.369470630248 0.785165056082 -0.496998277756 1.13097335529 104.0
-0.4525 0.0275 0.941157 0.576470588235 0.529411764706 0.466666666667 0.375331899432 -0.225155306605 0.899127940382 0.15922303704 -0.885932752942 0.198029432349 0.419413282083 2.92168116784 105.0
-0.4525 0.0275 0.941157 0.576470588235 0.529411764706 0.466666666667 0.375331899432 -0.225155306605 0.899127940382 0.15922303704 0.337244674309 0.936733118809 0.0937928236937 1.2252211349 105.0
-0.4525 0.0275 0.941157 0.576470588235 0.529411764706 0.466666666667 0.375331899432 -0.225155306605 0.899127940382 0.15922303704 -0.599904785706 0.680458410136 0.420821339956 2.29336263712 105.0
-0.4505 0.1105 0.947996 0.666666666667 0.647058823529 0.619607843137 0.487507655853 0.186385324154 0.852992846644 0.0529210371098 0.206662744018 0.924555969114 -0.320135549746 1.35088484104 106.0
-0.4505 0.1105 0.947996 0.666666666667 0.647058823529 0.619607843137 0.487507655853 0.186385324154 0.852992846644 0.0529210371098 0.802606556212 0.288956140456 -0.521849657295 0.345575191895 106.0
-0.4505 0.1105 0.947996 0.666666666667 0.647058823529 0.619607843137 0.487507655853 0.186385324154 0.852992846644 0.0529210371098 0.783037361586 0.338850524682 -0.521567648808 0.408407044967 106.0
-0.4485 0.0985 0.950182 0.301960784314 0.274509803922 0.23137254902 0.548187220897 0.116247413773 0.828237471765 0.0281135372617 -0.218137256049 0.975889985032 0.00740774172812 1.79070781255 107.0
-0.4485 0.0985 0.950182 0.301960784314 0.274509803922 0.23137254902 0.548187220897 0.116247413773 0.828237471765 0.0281135372617 0.0310110380115 0.986787229789 -0.159026031352 1.53938040026 107.0
-0.4485 0.0985 0.950182 0.301960784314 0.274509803922 0.23137254902 0.548187220897 0.116247413773 0.828237471765 0.0281135372617 0.660870855848 0.546719918954 -0.514146907128 0.69115038379 107.0
-0.447722 0.0915 0.949 0.23137254902 0.192156862745 0.137254901961 0.56898525583 0.0746391856161 0.818953460594 0.020777263878 -0.708676553399 0.549705882433 0.442268001873 2.48185819634 108.0
-0.447722 0.0915 0.949 0.23137254902 0.192156862745 0.137254901961 0.56898525583 0.0746391856161 0.818953460594 0.020777263878 -0.362856245735 0.916470261441 0.168575220079 1.94778744523 108.0
-0.447722 0.0915 0.949 0.23137254902 0.192156862745 0.137254901961 0.56898525583 0.0746391856161 0.818953460594 0.020777263878 0.783187091715 0.254472911934 -0.567328402659 0.314159265359 108.0
-0.446196 0.0335 0.939 0.564705882353 0.529411764706 0.466666666667 0.535391188156 -0.19423981894 0.821965430163 0.107747159362 0.844553697416 0.133764164689 -0.518494166241 0.157079632679 109.0
-0.446196 0.0335 0.939 0.564705882353 0.529411764706 0.466666666667 0.535391188156 -0.19423981894 0.821965430163 0.107747159362 -0.734177172471 0.374081953812 0.566609716873 2.67035375555 109.0
-0.446196 0.0335 0.939 0.564705882353 0.529411764706 0.466666666667 0.535391188156 -0.19423981894 0.821965430163 0.107747159362 0.529938251354 0.835049065486 -0.147846230871 1.00530964915 109.0
-0.4455 0.0645 0.949477 0.219607843137 0.176470588235 0.121568627451 0.595704208699 0.0108546089907 0.803130545554 0.0471878088299 -0.560188255119 0.722190346837 0.405746499384 2.23053078405 110.0
-0.4455 0.0645 0.949477 0.219607843137 0.176470588235 0.121568627451 0.595704208699 0.0108546089907 0.803130545554 0.0471878088299 6.12267482113e-17 0.999908679855 -0.0135141388984 1.57079632679 110.0
-0.4455 0.0645 0.949477 0.219607843137 0.176470588235 0.121568627451 0.595704208699 0.0108546089907 0.803130545554 0.0471878088299 0.155141368755 0.979524051967 -0.128311290689 1.41371669412 110.0
-0.4455 0.0795 0.948643 0.227450980392 0.18431372549 0.137254901961 0.588684340773 0.0344326413843 0.80762933338 0.00810742971211 0.776791764788 0.252394944251 -0.576967370198 0.314159265359 111.0
-0.4455 0.0795 0.948643 0.227450980392 0.18431372549 0.137254901961 0.588684340773 0.0344326413843 0.80762933338 0.00810742971211 -0.585205072229 0.707391414732 0.396399306004 2.26194671058 111.0
-0.4455 0.0795 0.948643 0.227450980392 0.18431372549 0.137254901961 0.588684340773 0.0344326413843 0.80762933338 0.00810742971211 0.570705461337 0.689864396 -0.445401382499 0.879645943005 111.0
-0.4455 0.1055 0.945651 0.666666666667 0.639215686275 0.603921568627 0.459773336535 0.114399534492 0.880636829527 0.0266457704906 -0.778488381416 0.529060157686 0.337714656994 2.54469004941 112.0
-0.4455 0.1055 0.945651 0.666666666667 0.639215686275 0.603921568627 0.459773336535 0.114399534492 0.880636829527 0.0266457704906 -0.879406160139 0.196570566014 0.433595223782 2.92168116784 112.0
-0.4455 0.1055 0.945651 0.666666666667 0.639215686275 0.603921568627 0.459773336535 0.114399534492 0.880636829527 0.0266457704906 0.62376360942 0.664240777963 -0.411950419898 0.816814089933 112.0
-0.4435 0.0645 0.947835 0.219607843137 0.18431372549 0.129411764706 0.588561467419 0.00280003208561 0.808447622849 0.0402508493958 0.738211247206 0.405835067453 -0.538833974916 0.502654824574 113.0
-0.4435 0.0645 0.947835 0.219607843137 0.18431372549 0.129411764706 0.588561467419 0.00280003208561 0.808447622849 0.0402508493958 -0.0627345366901 0.99713690668 0.0422180914076 1.63362817987 113.0
-0.4435 0.0645 0.947835 0.219607843137 0.18431372549 0.129411764706 0.588561467419 0.00280003208561 0.808447622849 0.0402508493958 0.062714755893 0.996822499913 -0.04910970435 1.50796447372 113.0
-0.4435 0.0915 0.946417 0.219607843137 0.16862745098 0.129411764706 0.453387653616 0.0656862571584 0.888889729477 0.0556746372906 -0.636508163846 0.721976792866 0.271305856776 2.29336263712 114.0
-0.4435 0.0915 0.946417 0.219607843137 0.16862745098 0.129411764706 0.453387653616 0.0656862571584 0.888889729477 0.0556746372906 0.653579907409 0.653579907409 -0.381662952436 0.785398163397 114.0
-0.4435 0.0915 0.946417 0.219607843137 0.16862745098 0.129411764706 0.453387653616 0.0656862571584 0.888889729477 0.0556746372906 0.736074936752 0.534789745349 -0.414962185934 0.628318530718 114.0
-0.4435 0.1155 0.941391 0.403921568627 0.392156862745 0.38431372549 0.370533498961 0.255127177999 0.893092967834 0.0506665099778 0.0599552182034 0.952960904358 -0.297104167887 1.50796447372 115.0
-0.4435 0.1155 0.941391 0.403921568627 0.392156862745 0.38431372549 0.370533498961 0.255127177999 0.893092967834 0.0506665099778 -0.305884571852 0.941415911064 -0.142023628664 1.88495559215 115.0
-0.4435 0.1155 0.941391 0.403921568627 0.392156862745 0.38431372549 0.370533498961 0.255127177999 0.893092967834 0.0506665099778 -0.214376490265 0.959065286071 -0.185031071648 1.79070781255 115.0
-0.442767 0.0685 0.947 0.219607843137 0.18431372549 0.129411764706 0.555252894711 0.015205570554 0.831542550649 0.0563031743594 0.0626771346028 0.996224526629 -0.0600688716515 1.50796447372 116.0
-0.442767 0.0685 0.947 0.219607843137 0.18431372549 0.129411764706 0.555252894711 0.015205570554 0.831542550649 0.0563031743594 0.720847268471 0.489887297779 -0.490295473171 0.596902604182 116.0
-0.442767 0.0685 0.947 0.219607843137 0.18431372549 0.129411764706 0.555252894711 0.015205570554 0.831542550649 0.0563031743594 -0.831638697539 1.01846366899e-16 0.555317095681 3.14159265359 116.0
-0.4425 0.0395 0.938092 0.509803921569 0.482352941176 0.427450980392 0.514459362199 -0.29416233007 0.805481277382 0.103003105016 0.0900528772383 0.952659932159 0.290395476826 1.47654854719 117.0
-0.4425 0.0395 0.938092 0.509803921569 0.482352941176 0.427450980392 0.514459362199 -0.29416233007 0.805481277382 0.103003105016 0.85743389737 0.163564263652 -0.487907617585 0.188495559215 117.0
-0.4425 0.0395 0.938092 0.509803921569 0.482352941176 0.427450980392 0.514459362199 -0.29416233007 0.805481277382 0.103003105016 -0.525015564945 0.634634798751 0.567095519978 2.26194671058 117.0
-0.4345 0.0505 0.934615 0.266666666667 0.266666666667 0.239215686275 0.542751853665 -0.0346658333382 0.839177398017 0.191872342512 0.533870390108 0.785566423484 -0.312838298262 0.973893722613 118.0
-0.4345 0.0505 0.934615 0.266666666667 0.266666666667 0.239215686275 0.542751853665 -0.0346658333382 0.839177398017 0.191872342512 -0.821911522132 0.183718991795 0.539174166518 2.92168116784 118.0
-0.4345 0.0505 0.934615 0.266666666667 0.266666666667 0.239215686275 0.542751853665 -0.0346658333382 0.839177398017 0.191872342512 0.8347919811 0.132218060714 -0.534453676863 0.157079632679 118.0
-0.4335 0.0535 0.934212 0.258823529412 0.258823529412 0.227450980392 0.535691109274 -0.0288822292021 0.843919932388 0.288630913906 0.683141723386 0.602270444557 -0.413022635435 0.722566310326 119.0
-0.4335 0.0535 0.934212 0.258823529412 0.258823529412 0.227450980392 0.535691109274 -0.0288822292021 0.843919932388 0.288630913906 0.7976786657 0.345186382745 -0.494525133289 0.408407044967 119.0
-0.4335 0.0535 0.934212 0.258823529412 0.258823529412 0.227450980392 0.535691109274 -0.0288822292021 0.843919932388 0.288630913906 0.488416723597 0.825867577144 -0.281765592531 1.03672557568 119.0
-0.430018 0.0735 0.933 0.258823529412 0.227450980392 0.176470588235 0.576557907302 -0.0845887556777 0.812665811967 0.256382764485 0.731306222522 0.496995195613 -0.467104896612 0.596902604182 120.0
-0.430018 0.0735 0.933 0.258823529412 0.227450980392 0.176470588235 0.576557907302 -0.0845887556777 0.812665811967 0.256382764485 0.795258412589 0.286310645968 -0.534406466289 0.345575191895 120.0
-0.430018 0.0735 0.933 0.258823529412 0.227450980392 0.176470588235 0.576557907302 -0.0845887556777 0.812665811967 0.256382764485 -0.182404633894 0.956198576915 0.22893848746 1.75929188601 120.0
