-0.5695 0.0735 0.945923 0.109803921569 0.0823529411765 0.0549019607843 -0.593361914909 -0.0617091272686 0.802566895372 0.0460280582151
-0.5675 0.0915 0.947645 0.439215686275 0.411764705882 0.38431372549 -0.570058078525 0.0251983920452 0.821217893221 0.0231187396097
-0.5615 0.0955 0.951127 0.466666666667 0.447058823529 0.419607843137 -0.524505408002 0.100259959868 0.845483304048 0.0247156493405
-0.5595 0.1055 0.950825 0.486274509804 0.466666666667 0.439215686275 -0.501787979385 0.175647715588 0.846969127981 0.00567665863402
-0.5565 0.0405 0.95203 0.427450980392 0.38431372549 0.337254901961 -0.556259836634 -0.164837267127 0.814495960403 0.0720057403146
-0.5565 0.0695 0.956657 0.121568627451 0.0941176470588 0.0627450980392 -0.593250525292 -0.0051485763595 0.805001432547 0.0524527882427
-0.5565 0.1155 0.949991 0.494117647059 0.482352941176 0.466666666667 -0.473164280055 0.264894372202 0.840206245904 0.0270593676023
-0.5556 0.0335 0.951 0.454901960784 0.419607843137 0.364705882353 -0.510528489732 -0.259952013889 0.81962528734 0.130250582994
-0.5555 0.0545 0.955652 0.121568627451 0.0941176470588 0.0549019607843 -0.566021372058 -0.0885839859595 0.819617400867 0.00595944403238
-0.5505 0.0375 0.954763 0.43137254902 0.392156862745 0.329411764706 -0.516579611266 -0.233114956009 0.823894970557 0.0445532871925
-0.5505 0.0735 0.960712 0.0823529411765 0.0705882352941 0.0392156862745 -0.543309865764 0.113233009369 0.831860971168 0.0978957652829
-0.5495 0.0355 0.954906 0.427450980392 0.38431372549 0.321568627451 -0.516689765768 -0.247601876534 0.819588309267 0.0431936959539
-0.5495 0.0927589 0.959 0.458823529412 0.439215686275 0.411764705882 -0.529862404805 0.166907484559 0.831497278151 0.0384702450052
-0.5485 0.0575 0.961267 0.341176470588 0.321568627451 0.286274509804 -0.535240073987 -0.0713219454875 0.841683576702 0.0260020571439
-0.5475 0.106089 0.957 0.494117647059 0.482352941176 0.458823529412 -0.420195993051 0.232568011735 0.877124533542 0.0227328315767
-0.5465 0.1155 0.954862 0.521568627451 0.501960784314 0.486274509804 -0.387205236924 0.274845256821 0.880075104353 0.00943265691632
-0.5435 0.0805 0.964358 0.0392156862745 0.0509803921569 0.0313725490196 -0.384795169799 0.0350473270587 0.922336360644 0.0863128691895
-0.5425 0.0655 0.964708 0.274509803922 0.23137254902 0.192156862745 -0.379364225564 -0.0645964347314 0.922989753454 0.0246792697204
-0.5425 0.130117 0.951 0.529411764706 0.537254901961 0.529411764706 -0.324269834055 0.376134655202 0.86796992798 0.0484427338049
-0.541507 0.0835 0.965 0.121568627451 0.101960784314 0.078431372549 -0.355420731892 0.111399681893 0.928044295395 0.080396581708
-0.5415 0.0475 0.964169 0.486274509804 0.439215686275 0.392156862745 -0.438662935558 -0.13584455841 0.888324875773 0.0381447915809
-0.5405 0.0975 0.963298 0.521568627451 0.501960784314 0.482352941176 -0.411372970349 0.153394347008 0.898466723687 0.071673547319
-0.5365 0.1065 0.962542 0.549019607843 0.529411764706 0.513725490196 -0.355998394819 0.344573032627 0.868639492582 0.0566504328546
-0.5345 0.0625 0.967814 0.494117647059 0.474509803922 0.447058823529 -0.316853497223 0.00928409857461 0.94842905207 0.0580713031249
-0.5335 0.0215 0.958899 0.529411764706 0.474509803922 0.403921568627 -0.418010234292 -0.399976212862 0.815650950574 0.0474543371984
-0.5325 0.0895 0.967471 0.513725490196 0.494117647059 0.466666666667 -0.382676902555 0.102617342166 0.918165600171 0.00778963419742
-0.5325 0.1165 0.959907 0.564705882353 0.549019607843 0.537254901961 -0.262599225928 0.329916811827 0.906750541117 0.0247905196833
-0.531944 0.0465 0.969 0.466666666667 0.43137254902 0.38431372549 -0.50072550359 -0.0470701925089 0.864325382614 0.0268571486597
-0.531602 0.0755 0.969 0.509803921569 0.486274509804 0.458823529412 -0.375202864479 -0.00319085746901 0.9269372303 0.0481351007432
-0.5315 0.1325 0.953274 0.556862745098 0.549019607843 0.529411764706 -0.233590815806 0.404191990715 0.884343918062 0.0188674213622
-0.5305 0.0985503 0.967 0.556862745098 0.537254901961 0.513725490196 -0.308112337331 0.219361721076 0.925714439183 0.0695974400186
-0.5295 0.0185 0.961104 0.549019607843 0.501960784314 0.447058823529 0.253720632768 -0.135075336904 0.957799819309 0.275007118203
-0.5285 0.0255 0.963418 0.482352941176 0.439215686275 0.38431372549 -0.31595278754 -0.402707485775 0.859069564673 0.0601687875791
-0.5255 0.1115 0.963391 0.576470588235 0.556862745098 0.541176470588 -0.20514824344 0.386771555333 0.899067273455 0.0422548767208
-0.5235 0.0215 0.962988 0.549019607843 0.501960784314 0.43137254902 -0.288973886728 -0.508472122981 0.811141290368 0.0226496335232
-0.5215 0.0535 0.977875 0.137254901961 0.149019607843 0.113725490196 -0.447525768727 -0.175238716399 0.876933337604 0.164874339044
-0.51928 0.0405 0.973 0.556862745098 0.521568627451 0.458823529412 -0.157614086314 -0.134202367971 0.978339166254 0.0537475586162
-0.5185 0.0795 0.972462 0.6 0.56862745098 0.537254901961 -0.147936672728 0.0496052477002 0.987752023669 0.0490114787695
-0.5185 0.125351 0.959 0.6 0.576470588235 0.549019607843 -0.113313467436 0.413665985132 0.903349606101 0.0402978915306
-0.5175 0.0865 0.972113 0.619607843137 0.58431372549 0.549019607843 -0.0731571128777 0.104051147835 0.991877711953 0.0699119682389
-0.5175 0.1035 0.967953 0.639215686275 0.611764705882 0.592156862745 -0.0376345118254 0.351423208973 0.935459978682 0.0654332533257
-0.5175 0.1345 0.954882 0.58431372549 0.564705882353 0.549019607843 -0.0929316161852 0.499458464103 0.86133904901 0.0204669006818
-0.5165 0.0235 0.966274 0.537254901961 0.494117647059 0.427450980392 -0.232855755992 -0.478031985293 0.846914173891 0.0413348072469
-0.5165 0.1155 0.963118 0.611764705882 0.592156862745 0.576470588235 -0.0682287274871 0.358097085961 0.93118812158 0.0407506800455
-0.5155 0.0095 0.956367 0.564705882353 0.521568627451 0.458823529412 -0.0654527826861 -0.543280904866 0.836995693924 0.14226215941
-0.5155 0.0208101 0.965 0.564705882353 0.513725490196 0.447058823529 -0.205595327133 -0.562801732265 0.800615245683 0.0578004497058
-0.5155 0.0655 0.979372 0.121568627451 0.137254901961 0.137254901961 -0.407891711492 0.402460817548 0.819542336938 0.187428044489
-0.5135 0.0495 0.979571 0.149019607843 0.149019607843 0.113725490196 -0.205371547452 -0.376541347253 0.903348848068 0.193285098477
-0.5135 0.1425 0.95101 0.329411764706 0.337254901961 0.349019607843 -0.154328536184 0.437836296244 0.885709930288 0.0918541549101
-0.5125 0.0665 0.980136 0.156862745098 0.164705882353 0.164705882353 -0.232766776497 0.480704229412 0.845424787657 0.241698370686
-0.5055 0.0475 0.978682 0.219607843137 0.211764705882 0.164705882353 0.20252737291 -0.493277575765 0.845966841236 0.243082248458
-0.503616 0.0675 0.979 0.164705882353 0.192156862745 0.18431372549 0.22703011679 0.52053819677 0.823102248675 0.185438271949
-0.5035 0.1145 0.963154 0.619607843137 0.603921568627 0.58431372549 0.0486532022958 0.312114740007 0.948797794568 0.012706303502
-0.5025 0.0355 0.972282 0.639215686275 0.592156862745 0.521568627451 0.0547961814062 -0.398254994759 0.915636575096 0.0972284848338
-0.5025 0.0535 0.980632 0.219607843137 0.211764705882 0.176470588235 0.293322467724 -0.294745581058 0.909443221084 0.209475291675
-0.5025 0.0945 0.969865 0.63137254902 0.603921568627 0.58431372549 0.141838993379 0.262854954579 0.954352645939 0.044091426663
-0.5025 0.1015 0.967509 0.647058823529 0.619607843137 0.603921568627 0.149845922564 0.334193121297 0.93051660768 0.0220064482687
-0.5025 0.1345 0.955586 0.6 0.592156862745 0.58431372549 0.0386704651631 0.454266554822 0.890026118883 0.0239044556534
-0.5015 0.0459882 0.975 0.356862745098 0.329411764706 0.282352941176 0.326684117553 -0.48058624904 0.813826974591 0.197401312337
-0.5015 0.0765 0.972856 0.603921568627 0.58431372549 0.564705882353 0.0730548625306 0.245024488566 0.966760563461 0.117739986656
-0.5015 0.1185 0.962183 0.611764705882 0.603921568627 0.58431372549 0.027179069357 0.28734019013 0.957442903428 0.0282636803929
-0.5015 0.144066 0.951 0.376470588235 0.392156862745 0.38431372549 0.102163103152 0.436993548311 0.893643854726 0.0567081236065
-0.4995 0.0171127 0.963 0.686274509804 0.63137254902 0.556862745098 0.147512476091 -0.578774135803 0.802035266758 0.0588658997204
-0.4995 0.0199049 0.965 0.686274509804 0.639215686275 0.576470588235 0.180344830617 -0.551797181116 0.814245425521 0.0603643278448
-0.4955 0.0595 0.977437 0.211764705882 0.219607843137 0.2 0.551750001942 0.0320856501428 0.833392132439 0.133856634094
-0.4935 0.0195 0.963009 0.666666666667 0.619607843137 0.541176470588 0.245838588377 -0.467923205741 0.848888250592 0.0626676415651
-0.4935 0.1125 0.963103 0.639215686275 0.627450980392 0.6 0.127688106898 0.234840219126 0.96361082333 0.018900738055
-0.4935 0.1435 0.949604 0.419607843137 0.419607843137 0.427450980392 0.193636767483 0.554867940002 0.809089841388 0.0995356565383
-0.4895 0.0195 0.962176 0.686274509804 0.639215686275 0.56862745098 0.257410281504 -0.439828216469 0.860401700936 0.0918021220034
-0.4885 0.0225 0.963359 0.694117647059 0.639215686275 0.56862745098 0.294886889672 -0.392764965802 0.871078299545 0.042773291505
-0.4885 0.0995 0.965943 0.647058823529 0.63137254902 0.603921568627 0.222468822572 0.278024989494 0.934456916182 0.0288019155506
-0.4875 0.0425 0.971611 0.701960784314 0.647058823529 0.576470588235 0.32640165626 -0.286093506572 0.900895368113 0.119230465057
-0.4875 0.077027 0.971 0.603921568627 0.58431372549 0.564705882353 0.217443459839 0.224526546872 0.949897979534 0.0561525975576
-0.4875 0.0925 0.967305 0.576470588235 0.549019607843 0.509803921569 0.246908190533 0.257792483513 0.934119575264 0.0174411067911
-0.4875 0.1255 0.957741 0.654901960784 0.63137254902 0.619607843137 0.19254752744 0.376366299558 0.9062416114 0.0445525356184
-0.4875 0.134824 0.953 0.63137254902 0.619607843137 0.611764705882 0.204832571837 0.444800018447 0.871892516945 0.0191757653114
-0.4855 0.0595 0.973246 0.666666666667 0.63137254902 0.58431372549 0.250059303285 0.0146777698201 0.96811926327 0.049502564786
-0.4835 0.0265 0.962933 0.701960784314 0.647058823529 0.576470588235 0.29451362155 -0.373234564092 0.879748649836 0.0216816835998
-0.4825 0.105115 0.963 0.658823529412 0.63137254902 0.611764705882 0.249183375704 0.217774865178 0.943653407438 0.0340343470878
-0.4785 0.0345 0.963947 0.694117647059 0.647058823529 0.576470588235 0.374378192535 -0.35950489359 0.854749788206 0.00798866478519
-0.4785 0.0975 0.963548 0.313725490196 0.266666666667 0.227450980392 0.313571787657 0.286579342355 0.905287255251 0.0276276091111
-0.4755 0.0905927 0.965 0.0941176470588 0.0666666666667 0.0549019607843 0.2546299894 0.3243323062 0.911028058653 0.110259125738
-0.4745 0.0365 0.963133 0.686274509804 0.639215686275 0.564705882353 0.387131844815 -0.348045234344 0.853811132265 0.021597556977
-0.4735 0.1335 0.950518 0.364705882353 0.356862745098 0.349019607843 0.304149208772 0.356767594506 0.883295048279 0.0289272356094
-0.4725 0.0315 0.960245 0.694117647059 0.658823529412 0.58431372549 0.422773676663 -0.387861674734 0.819039522608 0.0514240480202
-0.4725 0.0625 0.968348 0.709803921569 0.674509803922 0.619607843137 0.523985137024 0.00180445860781 0.851725495748 0.0699031897409
-0.4725 0.0775 0.966566 0.121568627451 0.0941176470588 0.0666666666667 0.434436136156 0.201817292587 0.877801244027 0.0332720284652
-0.47189 0.1215 0.955 0.658823529412 0.647058823529 0.63137254902 0.328157542648 0.305078144414 0.89400221085 0.0428458737776
-0.471875 0.1035 0.959 0.627450980392 0.6 0.564705882353 0.481781526129 0.305752357909 0.821219858938 0.0320168917034
-0.4695 0.0145 0.945981 0.654901960784 0.603921568627 0.537254901961 0.373001577722 -0.443445201817 0.815000721473 0.152256666092
-0.4685 0.0945 0.961184 0.239215686275 0.2 0.156862745098 0.351904794965 0.268202221776 0.896789040697 0.0248100999882
-0.4675 0.0375 0.960354 0.694117647059 0.647058823529 0.58431372549 0.359944534656 -0.41318276238 0.836492640042 0.050501325848
-0.4665 0.1335 0.947942 0.376470588235 0.4 0.4 0.328943881092 0.455485684407 0.827241629992 0.0365823244203
-0.4655 0.0785 0.962842 0.23137254902 0.18431372549 0.141176470588 0.459570381777 0.17340897937 0.871047868988 0.0944312821629
-0.464678 0.0635 0.963 0.537254901961 0.486274509804 0.43137254902 0.558441731293 -0.0259514837955 0.829137716691 0.0130510078507
-0.4625 0.1295 0.948399 0.411764705882 0.403921568627 0.4 0.3229907129 0.377930165133 0.867666865601 0.0566624625322
-0.459863 0.0425 0.957 0.674509803922 0.63137254902 0.549019607843 0.504347609403 -0.276591630699 0.818004008986 0.0144474398262
-0.4595 0.0195 0.942626 0.43137254902 0.411764705882 0.356862745098 0.516518930453 -0.274963134219 0.810927536408 0.0899279197029
-0.4595 0.1175 0.95159 0.658823529412 0.639215686275 0.619607843137 0.405965757305 0.212750513309 0.888779513143 0.0790177781577
-0.4595 0.131194 0.947 0.43137254902 0.439215686275 0.447058823529 0.223543593179 0.385992531376 0.895007277998 0.0773155776863
-0.4565 0.0545 0.957502 0.674509803922 0.639215686275 0.58431372549 0.538653124856 -0.041850894298 0.841487560056 0.0377100497522
-0.4565 0.0985 0.9542 0.274509803922 0.239215686275 0.192156862745 0.492234504587 0.0934525248319 0.865431579096 0.0245482745139
-0.456014 0.0885 0.955 0.227450980392 0.192156862745 0.141176470588 0.530750747518 0.120916086033 0.8388581192 0.0142841790075
-0.455547 0.0665 0.957 0.203921568627 0.164705882353 0.121568627451 0.516420507694 -0.00305198170401 0.856329693891 0.0568244941591
-0.453026 0.1195 0.947 0.666666666667 0.658823529412 0.627450980392 0.488337025106 0.290973446264 0.822715870444 0.0701090828694
-0.4525 0.0275 0.941157 0.576470588235 0.529411764706 0.466666666667 0.375331899432 -0.225155306605 0.899127940382 0.15922303704
-0.4505 0.1105 0.947996 0.666666666667 0.647058823529 0.619607843137 0.487507655853 0.186385324154 0.852992846644 0.0529210371098
-0.4485 0.0985 0.950182 0.301960784314 0.274509803922 0.23137254902 0.548187220897 0.116247413773 0.828237471765 0.0281135372617
-0.447722 0.0915 0.949 0.23137254902 0.192156862745 0.137254901961 0.56898525583 0.0746391856161 0.818953460594 0.020777263878
-0.446196 0.0335 0.939 0.564705882353 0.529411764706 0.466666666667 0.535391188156 -0.19423981894 0.821965430163 0.107747159362
-0.4455 0.0645 0.949477 0.219607843137 0.176470588235 0.121568627451 0.595704208699 0.0108546089907 0.803130545554 0.0471878088299
-0.4455 0.0795 0.948643 0.227450980392 0.18431372549 0.137254901961 0.588684340773 0.0344326413843 0.80762933338 0.00810742971211
-0.4455 0.1055 0.945651 0.666666666667 0.639215686275 0.603921568627 0.459773336535 0.114399534492 0.880636829527 0.0266457704906
-0.4435 0.0645 0.947835 0.219607843137 0.18431372549 0.129411764706 0.588561467419 0.00280003208561 0.808447622849 0.0402508493958
-0.4435 0.0915 0.946417 0.219607843137 0.16862745098 0.129411764706 0.453387653616 0.0656862571584 0.888889729477 0.0556746372906
-0.4435 0.1155 0.941391 0.403921568627 0.392156862745 0.38431372549 0.370533498961 0.255127177999 0.893092967834 0.0506665099778
-0.442767 0.0685 0.947 0.219607843137 0.18431372549 0.129411764706 0.555252894711 0.015205570554 0.831542550649 0.0563031743594
-0.4425 0.0395 0.938092 0.509803921569 0.482352941176 0.427450980392 0.514459362199 -0.29416233007 0.805481277382 0.103003105016
-0.4345 0.0505 0.934615 0.266666666667 0.266666666667 0.239215686275 0.542751853665 -0.0346658333382 0.839177398017 0.191872342512
-0.4335 0.0535 0.934212 0.258823529412 0.258823529412 0.227450980392 0.535691109274 -0.0288822292021 0.843919932388 0.288630913906
-0.430018 0.0735 0.933 0.258823529412 0.227450980392 0.176470588235 0.576557907302 -0.0845887556777 0.812665811967 0.256382764485
